 pp_0000               7.0187500000E+05      6.2037250000E+06      1           1.0000000000E+00     
 pp_0001               7.0427500000E+05      6.2013250000E+06      1           1.0000000000E+00     
 pp_0002               7.0187500000E+05      6.1989250000E+06      1           1.0000000000E+00     
 pp_0003               7.0427500000E+05      6.1989250000E+06      1           1.0000000000E+00     
 pp_0004               6.9947500000E+05      6.1965250000E+06      1           1.0000000000E+00     
 pp_0005               7.0187500000E+05      6.1965250000E+06      1           1.0000000000E+00     
 pp_0006               7.0427500000E+05      6.1965250000E+06      1           1.0000000000E+00     
 pp_0007               6.9467500000E+05      6.1941250000E+06      1           1.0000000000E+00     
 pp_0008               6.9707500000E+05      6.1941250000E+06      1           1.0000000000E+00     
 pp_0009               6.9947500000E+05      6.1941250000E+06      1           1.0000000000E+00     
 pp_0010               7.0187500000E+05      6.1941250000E+06      1           1.0000000000E+00     
 pp_0011               7.0427500000E+05      6.1941250000E+06      1           1.0000000000E+00     
 pp_0012               6.9227500000E+05      6.1917250000E+06      1           1.0000000000E+00     
 pp_0013               6.9467500000E+05      6.1917250000E+06      1           1.0000000000E+00     
 pp_0014               6.9707500000E+05      6.1917250000E+06      1           1.0000000000E+00     
 pp_0015               6.9947500000E+05      6.1917250000E+06      1           1.0000000000E+00     
 pp_0016               7.0187500000E+05      6.1917250000E+06      1           1.0000000000E+00     
 pp_0017               7.0427500000E+05      6.1917250000E+06      1           1.0000000000E+00     
 pp_0018               6.8747500000E+05      6.1893250000E+06      1           1.0000000000E+00     
 pp_0019               6.8987500000E+05      6.1893250000E+06      1           1.0000000000E+00     
 pp_0020               6.9227500000E+05      6.1893250000E+06      1           1.0000000000E+00     
 pp_0021               6.9467500000E+05      6.1893250000E+06      1           1.0000000000E+00     
 pp_0022               6.9707500000E+05      6.1893250000E+06      1           1.0000000000E+00     
 pp_0023               6.9947500000E+05      6.1893250000E+06      1           1.0000000000E+00     
 pp_0024               7.0187500000E+05      6.1893250000E+06      1           1.0000000000E+00     
 pp_0025               7.0427500000E+05      6.1893250000E+06      1           1.0000000000E+00     
 pp_0026               6.8747500000E+05      6.1869250000E+06      1           1.0000000000E+00     
 pp_0027               6.8987500000E+05      6.1869250000E+06      1           1.0000000000E+00     
 pp_0028               6.9227500000E+05      6.1869250000E+06      1           1.0000000000E+00     
 pp_0029               6.9467500000E+05      6.1869250000E+06      1           1.0000000000E+00     
 pp_0030               6.9707500000E+05      6.1869250000E+06      1           1.0000000000E+00     
 pp_0031               6.9947500000E+05      6.1869250000E+06      1           1.0000000000E+00     
 pp_0032               7.0187500000E+05      6.1869250000E+06      1           1.0000000000E+00     
 pp_0033               7.0427500000E+05      6.1869250000E+06      1           1.0000000000E+00     
 pp_0034               6.8507500000E+05      6.1845250000E+06      1           1.0000000000E+00     
 pp_0035               6.8747500000E+05      6.1845250000E+06      1           1.0000000000E+00     
 pp_0036               6.8987500000E+05      6.1845250000E+06      1           1.0000000000E+00     
 pp_0037               6.9227500000E+05      6.1845250000E+06      1           1.0000000000E+00     
 pp_0038               6.9467500000E+05      6.1845250000E+06      1           1.0000000000E+00     
 pp_0039               6.9707500000E+05      6.1845250000E+06      1           1.0000000000E+00     
 pp_0040               6.9947500000E+05      6.1845250000E+06      1           1.0000000000E+00     
 pp_0041               7.0187500000E+05      6.1845250000E+06      1           1.0000000000E+00     
 pp_0042               7.0427500000E+05      6.1845250000E+06      1           1.0000000000E+00     
 pp_0043               6.8507500000E+05      6.1821250000E+06      1           1.0000000000E+00     
 pp_0044               6.8747500000E+05      6.1821250000E+06      1           1.0000000000E+00     
 pp_0045               6.8987500000E+05      6.1821250000E+06      1           1.0000000000E+00     
 pp_0046               6.9227500000E+05      6.1821250000E+06      1           1.0000000000E+00     
 pp_0047               6.9467500000E+05      6.1821250000E+06      1           1.0000000000E+00     
 pp_0048               6.9707500000E+05      6.1821250000E+06      1           1.0000000000E+00     
 pp_0049               6.9947500000E+05      6.1821250000E+06      1           1.0000000000E+00     
 pp_0050               7.0187500000E+05      6.1821250000E+06      1           1.0000000000E+00     
 pp_0051               7.0427500000E+05      6.1821250000E+06      1           1.0000000000E+00     
 pp_0052               6.7787500000E+05      6.1797250000E+06      1           1.0000000000E+00     
 pp_0053               6.8027500000E+05      6.1797250000E+06      1           1.0000000000E+00     
 pp_0054               6.8267500000E+05      6.1797250000E+06      1           1.0000000000E+00     
 pp_0055               6.8507500000E+05      6.1797250000E+06      1           1.0000000000E+00     
 pp_0056               6.8747500000E+05      6.1797250000E+06      1           1.0000000000E+00     
 pp_0057               6.8987500000E+05      6.1797250000E+06      1           1.0000000000E+00     
 pp_0058               6.9227500000E+05      6.1797250000E+06      1           1.0000000000E+00     
 pp_0059               6.9467500000E+05      6.1797250000E+06      1           1.0000000000E+00     
 pp_0060               6.9707500000E+05      6.1797250000E+06      1           1.0000000000E+00     
 pp_0061               6.9947500000E+05      6.1797250000E+06      1           1.0000000000E+00     
 pp_0062               7.0187500000E+05      6.1797250000E+06      1           1.0000000000E+00     
 pp_0063               7.0427500000E+05      6.1797250000E+06      1           1.0000000000E+00     
 pp_0064               6.7307500000E+05      6.1773250000E+06      1           1.0000000000E+00     
 pp_0065               6.7547500000E+05      6.1773250000E+06      1           1.0000000000E+00     
 pp_0066               6.7787500000E+05      6.1773250000E+06      1           1.0000000000E+00     
 pp_0067               6.8027500000E+05      6.1773250000E+06      1           1.0000000000E+00     
 pp_0068               6.8267500000E+05      6.1773250000E+06      1           1.0000000000E+00     
 pp_0069               6.8507500000E+05      6.1773250000E+06      1           1.0000000000E+00     
 pp_0070               6.8747500000E+05      6.1773250000E+06      1           1.0000000000E+00     
 pp_0071               6.8987500000E+05      6.1773250000E+06      1           1.0000000000E+00     
 pp_0072               6.9227500000E+05      6.1773250000E+06      1           1.0000000000E+00     
 pp_0073               6.9467500000E+05      6.1773250000E+06      1           1.0000000000E+00     
 pp_0074               6.9707500000E+05      6.1773250000E+06      1           1.0000000000E+00     
 pp_0075               6.9947500000E+05      6.1773250000E+06      1           1.0000000000E+00     
 pp_0076               7.0187500000E+05      6.1773250000E+06      1           1.0000000000E+00     
 pp_0077               7.0427500000E+05      6.1773250000E+06      1           1.0000000000E+00     
 pp_0078               6.6827500000E+05      6.1749250000E+06      1           1.0000000000E+00     
 pp_0079               6.7067500000E+05      6.1749250000E+06      1           1.0000000000E+00     
 pp_0080               6.7307500000E+05      6.1749250000E+06      1           1.0000000000E+00     
 pp_0081               6.7547500000E+05      6.1749250000E+06      1           1.0000000000E+00     
 pp_0082               6.7787500000E+05      6.1749250000E+06      1           1.0000000000E+00     
 pp_0083               6.8027500000E+05      6.1749250000E+06      1           1.0000000000E+00     
 pp_0084               6.8267500000E+05      6.1749250000E+06      1           1.0000000000E+00     
 pp_0085               6.8507500000E+05      6.1749250000E+06      1           1.0000000000E+00     
 pp_0086               6.8747500000E+05      6.1749250000E+06      1           1.0000000000E+00     
 pp_0087               6.8987500000E+05      6.1749250000E+06      1           1.0000000000E+00     
 pp_0088               6.9227500000E+05      6.1749250000E+06      1           1.0000000000E+00     
 pp_0089               6.9467500000E+05      6.1749250000E+06      1           1.0000000000E+00     
 pp_0090               6.9707500000E+05      6.1749250000E+06      1           1.0000000000E+00     
 pp_0091               6.9947500000E+05      6.1749250000E+06      1           1.0000000000E+00     
 pp_0092               7.0187500000E+05      6.1749250000E+06      1           1.0000000000E+00     
 pp_0093               7.0427500000E+05      6.1749250000E+06      1           1.0000000000E+00     
 pp_0094               6.6587500000E+05      6.1725250000E+06      1           1.0000000000E+00     
 pp_0095               6.7547500000E+05      6.1725250000E+06      1           1.0000000000E+00     
 pp_0096               6.7787500000E+05      6.1725250000E+06      1           1.0000000000E+00     
 pp_0097               6.8027500000E+05      6.1725250000E+06      1           1.0000000000E+00     
 pp_0098               6.8267500000E+05      6.1725250000E+06      1           1.0000000000E+00     
 pp_0099               6.8507500000E+05      6.1725250000E+06      1           1.0000000000E+00     
 pp_0100               6.8747500000E+05      6.1725250000E+06      1           1.0000000000E+00     
 pp_0101               6.8987500000E+05      6.1725250000E+06      1           1.0000000000E+00     
 pp_0102               6.9227500000E+05      6.1725250000E+06      1           1.0000000000E+00     
 pp_0103               6.9467500000E+05      6.1725250000E+06      1           1.0000000000E+00     
 pp_0104               6.9707500000E+05      6.1725250000E+06      1           1.0000000000E+00     
 pp_0105               6.9947500000E+05      6.1725250000E+06      1           1.0000000000E+00     
 pp_0106               7.0187500000E+05      6.1725250000E+06      1           1.0000000000E+00     
 pp_0107               7.0427500000E+05      6.1725250000E+06      1           1.0000000000E+00     
 pp_0108               6.8027500000E+05      6.1701250000E+06      1           1.0000000000E+00     
 pp_0109               6.8267500000E+05      6.1701250000E+06      1           1.0000000000E+00     
 pp_0110               6.8507500000E+05      6.1701250000E+06      1           1.0000000000E+00     
 pp_0111               6.8747500000E+05      6.1701250000E+06      1           1.0000000000E+00     
 pp_0112               6.8987500000E+05      6.1701250000E+06      1           1.0000000000E+00     
 pp_0113               6.9227500000E+05      6.1701250000E+06      1           1.0000000000E+00     
 pp_0114               6.9467500000E+05      6.1701250000E+06      1           1.0000000000E+00     
 pp_0115               6.9707500000E+05      6.1701250000E+06      1           1.0000000000E+00     
 pp_0116               6.9947500000E+05      6.1701250000E+06      1           1.0000000000E+00     
 pp_0117               7.0187500000E+05      6.1701250000E+06      1           1.0000000000E+00     
 pp_0118               7.0427500000E+05      6.1701250000E+06      1           1.0000000000E+00     
 pp_0119               6.8027500000E+05      6.1677250000E+06      1           1.0000000000E+00     
 pp_0120               6.8267500000E+05      6.1677250000E+06      1           1.0000000000E+00     
 pp_0121               6.8507500000E+05      6.1677250000E+06      1           1.0000000000E+00     
 pp_0122               6.8747500000E+05      6.1677250000E+06      1           1.0000000000E+00     
 pp_0123               6.8987500000E+05      6.1677250000E+06      1           1.0000000000E+00     
 pp_0124               6.9227500000E+05      6.1677250000E+06      1           1.0000000000E+00     
 pp_0125               6.9467500000E+05      6.1677250000E+06      1           1.0000000000E+00     
 pp_0126               6.9707500000E+05      6.1677250000E+06      1           1.0000000000E+00     
 pp_0127               6.9947500000E+05      6.1677250000E+06      1           1.0000000000E+00     
 pp_0128               7.0187500000E+05      6.1677250000E+06      1           1.0000000000E+00     
 pp_0129               7.0427500000E+05      6.1677250000E+06      1           1.0000000000E+00     
 pp_0130               6.8027500000E+05      6.1653250000E+06      1           1.0000000000E+00     
 pp_0131               6.8267500000E+05      6.1653250000E+06      1           1.0000000000E+00     
 pp_0132               6.8507500000E+05      6.1653250000E+06      1           1.0000000000E+00     
 pp_0133               6.8747500000E+05      6.1653250000E+06      1           1.0000000000E+00     
 pp_0134               6.8987500000E+05      6.1653250000E+06      1           1.0000000000E+00     
 pp_0135               6.9227500000E+05      6.1653250000E+06      1           1.0000000000E+00     
 pp_0136               6.9467500000E+05      6.1653250000E+06      1           1.0000000000E+00     
 pp_0137               6.9707500000E+05      6.1653250000E+06      1           1.0000000000E+00     
 pp_0138               6.9947500000E+05      6.1653250000E+06      1           1.0000000000E+00     
 pp_0139               7.0187500000E+05      6.1653250000E+06      1           1.0000000000E+00     
 pp_0140               7.0427500000E+05      6.1653250000E+06      1           1.0000000000E+00     
 pp_0141               6.8027500000E+05      6.1629250000E+06      1           1.0000000000E+00     
 pp_0142               6.8267500000E+05      6.1629250000E+06      1           1.0000000000E+00     
 pp_0143               6.8507500000E+05      6.1629250000E+06      1           1.0000000000E+00     
 pp_0144               6.8747500000E+05      6.1629250000E+06      1           1.0000000000E+00     
 pp_0145               6.8987500000E+05      6.1629250000E+06      1           1.0000000000E+00     
 pp_0146               6.9227500000E+05      6.1629250000E+06      1           1.0000000000E+00     
 pp_0147               6.9467500000E+05      6.1629250000E+06      1           1.0000000000E+00     
 pp_0148               6.9707500000E+05      6.1629250000E+06      1           1.0000000000E+00     
 pp_0149               6.9947500000E+05      6.1629250000E+06      1           1.0000000000E+00     
 pp_0150               7.0187500000E+05      6.1629250000E+06      1           1.0000000000E+00     
 pp_0151               7.0427500000E+05      6.1629250000E+06      1           1.0000000000E+00     
 pp_0152               6.8267500000E+05      6.1605250000E+06      1           1.0000000000E+00     
 pp_0153               6.8507500000E+05      6.1605250000E+06      1           1.0000000000E+00     
 pp_0154               6.8747500000E+05      6.1605250000E+06      1           1.0000000000E+00     
 pp_0155               6.8987500000E+05      6.1605250000E+06      1           1.0000000000E+00     
 pp_0156               6.9227500000E+05      6.1605250000E+06      1           1.0000000000E+00     
 pp_0157               6.9467500000E+05      6.1605250000E+06      1           1.0000000000E+00     
 pp_0158               6.9707500000E+05      6.1605250000E+06      1           1.0000000000E+00     
 pp_0159               6.9947500000E+05      6.1605250000E+06      1           1.0000000000E+00     
 pp_0160               7.0187500000E+05      6.1605250000E+06      1           1.0000000000E+00     
 pp_0161               7.0427500000E+05      6.1605250000E+06      1           1.0000000000E+00     
 pp_0162               6.8027500000E+05      6.1581250000E+06      1           1.0000000000E+00     
 pp_0163               6.8267500000E+05      6.1581250000E+06      1           1.0000000000E+00     
 pp_0164               6.8507500000E+05      6.1581250000E+06      1           1.0000000000E+00     
 pp_0165               6.9227500000E+05      6.1581250000E+06      1           1.0000000000E+00     
 pp_0166               6.9467500000E+05      6.1581250000E+06      1           1.0000000000E+00     
 pp_0167               6.8027500000E+05      6.1557250000E+06      1           1.0000000000E+00     
 pp_0168               6.8267500000E+05      6.1557250000E+06      1           1.0000000000E+00     
