16	4	15	15	0.125	0.125
1	4	15	15	0.125	0.125
16	5	19	17	0.166667	0.166667
6	7	3	3	0.125	0.125
5	7	3	3	0.125	0.125
17	9	16	16	0.0833333	0.0833333
5	9	16	16	0.0833333	0.0833333
17	10	18	18	0.125	0.125
18	12	17	17	0.125	0.125
18	13	23	21	0.166667	0.166667
16	17	5	4	0.166667	0.166667
33	19	32	32	0.125	0.125
16	19	32	32	0.125	0.125
33	20	39	34	0.166667	0.166667
18	21	13	12	0.166667	0.166667
26	23	20	20	0.125	0.125
18	23	20	20	0.125	0.125
26	24	29	27	0.166667	0.166667
26	27	24	23	0.166667	0.166667
26	29	34	34	0.125	0.125
33	34	20	19	0.166667	0.166667
33	39	45	45	0.125	0.125
34	35	26	26	0.125	0.125
34	37	39	39	0.125	0.125
39	40	34	34	0.125	0.125
39	42	46	46	0.125	0.125
45	46	33	33	0.125	0.125
45	49	55	56	0.166667	0.166667
46	47	39	39	0.125	0.125
46	48	49	49	0.125	0.125
49	50	46	46	0.125	0.125
49	51	59	60	0.166667	0.166667
45	55	44	44	0.125	0.125
54	55	44	44	0.125	0.125
45	56	49	46	0.166667	0.166667
54	57	70	70	0.125	0.125
49	59	45	45	0.0833333	0.0833333
56	59	45	45	0.0833333	0.0833333
49	60	51	50	0.166667	0.166667
56	61	58	58	0.125	0.125
58	64	56	56	0.125	0.125
58	66	72	72	0.125	0.125
70	71	54	54	0.125	0.125
70	73	86	86	0.125	0.125
72	75	58	58	0.125	0.125
72	77	74	74	0.125	0.125
74	79	72	72	0.125	0.125
74	81	88	88	0.125	0.125
86	87	70	70	0.125	0.125
86	89	100	100	0.125	0.125
88	91	74	74	0.125	0.125
88	93	90	90	0.125	0.125
90	94	88	88	0.125	0.125
90	95	102	103	0.166667	0.166667
100	101	86	86	0.125	0.125
100	106	120	120	0.125	0.125
90	102	89	89	0.125	0.125
101	102	89	89	0.125	0.125
90	103	95	94	0.166667	0.166667
101	104	106	106	0.125	0.125
106	107	101	101	0.125	0.125
106	109	121	121	0.125	0.125
120	121	100	100	0.125	0.125
120	126	140	140	0.125	0.125
121	122	106	106	0.125	0.125
121	124	126	126	0.125	0.125
126	127	121	121	0.125	0.125
126	129	141	141	0.125	0.125
140	141	120	120	0.125	0.125
140	146	158	158	0.125	0.125
141	142	126	126	0.125	0.125
141	144	146	146	0.125	0.125
146	147	141	141	0.125	0.125
146	148	159	159	0.125	0.125
158	159	140	140	0.125	0.125
158	162	176	177	0.166667	0.166667
159	160	146	146	0.125	0.125
159	161	162	162	0.125	0.125
162	163	159	159	0.125	0.125
162	164	180	181	0.166667	0.166667
158	176	157	157	0.125	0.125
175	176	157	157	0.125	0.125
158	177	162	159	0.166667	0.166667
175	178	200	200	0.125	0.125
162	180	158	158	0.0833333	0.0833333
177	180	158	158	0.0833333	0.0833333
162	181	164	163	0.166667	0.166667
177	182	179	179	0.125	0.125
179	186	177	177	0.125	0.125
179	188	202	202	0.125	0.125
200	201	175	175	0.125	0.125
200	203	228	228	0.125	0.125
202	205	179	179	0.125	0.125
202	207	204	204	0.125	0.125
204	209	202	202	0.125	0.125
204	211	230	230	0.125	0.125
228	229	200	200	0.125	0.125
228	231	256	256	0.125	0.125
230	233	204	204	0.125	0.125
230	235	232	232	0.125	0.125
232	237	230	230	0.125	0.125
232	239	258	258	0.125	0.125
256	257	228	228	0.125	0.125
256	259	284	284	0.125	0.125
258	261	232	232	0.125	0.125
258	263	260	260	0.125	0.125
260	265	258	258	0.125	0.125
260	267	286	286	0.125	0.125
284	285	256	256	0.125	0.125
284	287	318	318	0.125	0.125
286	289	260	260	0.125	0.125
286	291	288	288	0.125	0.125
288	293	286	286	0.125	0.125
288	295	320	320	0.125	0.125
269	298	270	270	0.125	0.125
270	301	269	269	0.125	0.125
270	302	271	271	0.125	0.125
305	302	271	271	0.125	0.125
305	304	351	352	0.166667	0.166667
318	319	284	284	0.125	0.125
318	321	397	398	0.166667	0.166667
320	323	288	288	0.125	0.125
320	325	322	322	0.125	0.125
322	326	320	320	0.125	0.125
322	327	402	403	0.166667	0.166667
418	330	421	419	0.166667	0.166667
299	332	300	300	0.125	0.125
339	333	330	330	0.125	0.125
328	333	330	330	0.125	0.125
339	334	340	340	0.125	0.125
300	335	299	299	0.125	0.125
300	336	303	303	0.125	0.125
340	337	339	339	0.125	0.125
340	338	348	346	0.166667	0.166667
303	341	300	300	0.125	0.125
303	342	304	304	0.125	0.125
345	342	304	304	0.125	0.125
345	344	350	350	0.125	0.125
340	346	338	337	0.166667	0.166667
350	347	345	345	0.125	0.125
340	348	420	420	0.125	0.125
350	349	427	428	0.166667	0.166667
305	351	302	304	0.166667	0.166667
305	352	306	306	0.125	0.125
351	353	345	345	0.125	0.125
350	353	345	345	0.125	0.125
351	354	352	352	0.125	0.125
350	355	427	428	0.166667	0.166667
352	357	351	351	0.125	0.125
352	358	361	361	0.125	0.125
437	359	434	436	0.166667	0.166667
437	360	442	440	0.166667	0.166667
306	361	305	305	0.125	0.125
306	362	307	307	0.125	0.125
361	363	352	352	0.125	0.125
361	364	362	362	0.125	0.125
362	367	361	361	0.125	0.125
362	368	371	371	0.125	0.125
307	371	306	306	0.125	0.125
307	372	308	308	0.125	0.125
371	373	362	362	0.125	0.125
371	374	372	372	0.125	0.125
377	374	372	372	0.125	0.125
377	376	454	455	0.166667	0.166667
308	378	307	307	0.125	0.125
308	379	309	309	0.125	0.125
309	382	308	308	0.125	0.125
309	383	310	310	0.125	0.125
386	383	310	310	0.125	0.125
386	385	483	484	0.166667	0.166667
317	393	316	316	0.125	0.125
392	393	316	316	0.125	0.125
317	394	318	318	0.125	0.125
392	395	498	499	0.166667	0.166667
318	397	317	317	0.125	0.125
318	398	321	319	0.166667	0.166667
322	402	321	321	0.125	0.125
401	402	321	321	0.125	0.125
322	403	327	326	0.166667	0.166667
401	404	406	407	0.166667	0.166667
401	406	398	398	0.125	0.125
400	406	398	398	0.125	0.125
401	407	404	402	0.166667	0.166667
400	408	525	526	0.166667	0.166667
535	412	532	534	0.166667	0.166667
535	413	539	538	0.166667	0.166667
418	419	330	329	0.166667	0.166667
545	421	544	544	0.125	0.125
418	421	544	544	0.125	0.125
545	422	546	546	0.125	0.125
546	431	545	545	0.125	0.125
546	432	547	547	0.125	0.125
420	423	340	340	0.125	0.125
431	425	422	422	0.125	0.125
420	425	422	422	0.125	0.125
431	426	432	432	0.125	0.125
350	427	347	349	0.166667	0.166667
350	428	355	353	0.166667	0.166667
432	429	431	431	0.125	0.125
432	430	438	438	0.125	0.125
547	438	546	546	0.125	0.125
547	439	548	548	0.125	0.125
437	434	360	359	0.166667	0.166667
438	435	432	432	0.125	0.125
437	436	439	439	0.125	0.125
438	436	439	439	0.125	0.125
548	448	547	547	0.125	0.125
548	449	549	549	0.125	0.125
437	440	360	359	0.166667	0.166667
448	442	439	439	0.125	0.125
437	442	439	439	0.125	0.125
448	443	449	449	0.125	0.125
449	446	448	448	0.125	0.125
449	447	458	458	0.125	0.125
549	458	548	548	0.125	0.125
549	459	550	550	0.125	0.125
458	452	449	449	0.125	0.125
458	453	459	459	0.125	0.125
377	454	374	376	0.166667	0.166667
377	455	380	380	0.125	0.125
459	456	458	458	0.125	0.125
459	457	468	468	0.125	0.125
550	468	549	549	0.125	0.125
550	469	556	551	0.166667	0.166667
380	460	377	377	0.125	0.125
380	461	381	381	0.125	0.125
468	462	459	459	0.125	0.125
468	463	469	469	0.125	0.125
381	464	380	380	0.125	0.125
381	465	384	384	0.125	0.125
469	466	468	468	0.125	0.125
469	467	478	478	0.125	0.125
384	470	381	381	0.125	0.125
384	471	385	385	0.125	0.125
478	472	469	469	0.125	0.125
478	473	481	479	0.166667	0.166667
385	474	384	384	0.125	0.125
385	475	386	386	0.0833333	0.0833333
483	475	386	386	0.0833333	0.0833333
483	477	485	485	0.125	0.125
478	479	473	472	0.166667	0.166667
485	480	483	483	0.125	0.125
478	481	551	551	0.125	0.125
485	482	558	559	0.166667	0.166667
386	483	383	385	0.166667	0.166667
386	484	387	387	0.125	0.125
387	487	386	386	0.125	0.125
387	488	388	388	0.125	0.125
491	488	388	388	0.125	0.125
491	490	581	582	0.166667	0.166667
391	494	390	390	0.125	0.125
493	494	390	390	0.125	0.125
391	495	392	392	0.125	0.125
493	496	589	590	0.166667	0.166667
392	498	391	391	0.125	0.125
392	499	395	393	0.166667	0.166667
498	500	495	495	0.125	0.125
497	500	495	495	0.125	0.125
498	501	499	499	0.125	0.125
497	502	603	604	0.166667	0.166667
499	504	498	498	0.125	0.125
499	505	508	508	0.125	0.125
616	506	613	615	0.166667	0.166667
616	507	619	619	0.125	0.125
396	509	395	395	0.125	0.125
508	509	395	395	0.125	0.125
396	510	399	399	0.125	0.125
508	511	513	514	0.166667	0.166667
508	513	499	499	0.125	0.125
508	514	511	509	0.166667	0.166667
619	515	616	616	0.125	0.125
619	516	620	620	0.125	0.125
529	518	524	523	0.166667	0.166667
620	519	619	619	0.125	0.125
529	520	623	623	0.0833333	0.0833333
620	520	623	623	0.0833333	0.0833333
623	529	620	622	0.166667	0.166667
623	530	626	624	0.166667	0.166667
399	521	396	396	0.125	0.125
399	522	400	400	0.125	0.125
529	523	518	520	0.166667	0.166667
529	524	530	530	0.125	0.125
400	525	399	399	0.125	0.125
400	526	408	406	0.166667	0.166667
530	527	529	529	0.125	0.125
530	528	536	536	0.125	0.125
535	532	413	412	0.166667	0.166667
536	533	530	530	0.125	0.125
535	534	537	537	0.125	0.125
536	534	537	537	0.125	0.125
535	538	413	412	0.166667	0.166667
535	539	537	537	0.125	0.125
537	540	535	535	0.125	0.125
537	541	625	625	0.125	0.125
550	551	469	468	0.166667	0.166667
643	556	642	642	0.125	0.125
550	556	642	642	0.125	0.125
643	557	644	644	0.125	0.125
551	552	478	478	0.125	0.125
557	554	556	556	0.125	0.125
551	554	556	556	0.125	0.125
557	555	566	566	0.125	0.125
644	566	643	643	0.125	0.125
644	567	650	645	0.166667	0.166667
485	558	480	482	0.166667	0.166667
485	559	486	486	0.125	0.125
566	560	557	557	0.125	0.125
566	561	567	567	0.125	0.125
486	562	485	485	0.125	0.125
486	563	489	489	0.125	0.125
567	564	566	566	0.125	0.125
567	565	575	573	0.166667	0.166667
489	568	486	486	0.125	0.125
489	569	490	490	0.125	0.125
572	569	490	490	0.125	0.125
572	571	577	578	0.166667	0.166667
567	573	565	564	0.166667	0.166667
645	575	644	644	0.0833333	0.0833333
567	575	644	644	0.0833333	0.0833333
645	576	648	646	0.166667	0.166667
572	577	569	571	0.166667	0.166667
572	578	581	581	0.125	0.125
583	578	581	581	0.125	0.125
583	580	652	653	0.166667	0.166667
491	581	488	490	0.166667	0.166667
491	582	492	492	0.125	0.125
492	585	491	491	0.125	0.125
492	586	493	493	0.125	0.125
493	589	492	492	0.125	0.125
493	590	496	494	0.166667	0.166667
589	591	586	586	0.125	0.125
588	591	586	586	0.125	0.125
589	592	590	590	0.125	0.125
588	593	666	667	0.166667	0.166667
590	595	589	589	0.125	0.125
590	596	601	599	0.166667	0.166667
676	597	673	675	0.166667	0.166667
676	598	679	679	0.125	0.125
496	599	493	493	0.0833333	0.0833333
590	599	493	493	0.0833333	0.0833333
496	600	497	497	0.125	0.125
590	601	595	596	0.166667	0.166667
497	603	496	496	0.125	0.125
497	604	502	500	0.166667	0.166667
611	605	608	610	0.166667	0.166667
611	606	617	617	0.125	0.125
611	608	606	605	0.166667	0.166667
679	609	676	676	0.125	0.125
611	610	680	680	0.125	0.125
679	610	680	680	0.125	0.125
683	617	680	682	0.166667	0.166667
683	618	684	684	0.125	0.125
616	613	507	506	0.166667	0.166667
617	614	611	611	0.125	0.125
616	615	618	618	0.125	0.125
617	615	618	618	0.125	0.125
623	620	530	529	0.166667	0.166667
684	621	683	683	0.125	0.125
623	622	685	685	0.125	0.125
684	622	685	685	0.125	0.125
623	624	530	529	0.166667	0.166667
623	626	685	685	0.125	0.125
625	628	537	537	0.125	0.125
625	629	627	627	0.125	0.125
627	630	625	625	0.125	0.125
627	631	687	687	0.125	0.125
644	645	567	566	0.166667	0.166667
706	650	705	705	0.125	0.125
644	650	705	705	0.125	0.125
706	651	707	707	0.125	0.125
645	646	576	575	0.166667	0.166667
651	648	650	650	0.125	0.125
645	648	650	650	0.125	0.125
651	649	660	660	0.125	0.125
707	660	706	706	0.125	0.125
707	661	708	708	0.125	0.125
583	652	578	580	0.166667	0.166667
583	653	584	584	0.125	0.125
660	654	651	651	0.125	0.125
660	655	661	661	0.125	0.125
584	656	583	583	0.125	0.125
584	657	587	587	0.125	0.125
661	658	660	660	0.125	0.125
661	659	670	670	0.125	0.125
708	670	707	707	0.125	0.125
708	671	709	709	0.125	0.125
587	662	584	584	0.125	0.125
587	663	588	588	0.125	0.125
670	664	661	661	0.125	0.125
670	665	671	671	0.125	0.125
588	666	587	587	0.125	0.125
588	667	593	591	0.166667	0.166667
671	668	670	670	0.125	0.125
671	669	677	677	0.125	0.125
709	677	708	708	0.125	0.125
709	678	710	710	0.125	0.125
676	673	598	597	0.166667	0.166667
677	674	671	671	0.125	0.125
676	675	678	678	0.125	0.125
677	675	678	678	0.125	0.125
683	680	618	617	0.166667	0.166667
710	681	709	709	0.125	0.125
683	682	711	711	0.125	0.125
710	682	711	711	0.125	0.125
685	686	623	623	0.125	0.125
685	688	713	713	0.125	0.125
687	690	627	627	0.125	0.125
687	691	689	689	0.125	0.125
689	692	687	687	0.125	0.125
689	693	715	715	0.125	0.125
713	714	685	685	0.125	0.125
713	716	744	744	0.125	0.125
715	718	689	689	0.125	0.125
715	719	717	717	0.125	0.125
717	720	715	715	0.125	0.125
717	721	746	746	0.125	0.125
744	745	713	713	0.125	0.125
744	747	786	787	0.166667	0.166667
746	749	717	717	0.125	0.125
746	750	748	748	0.125	0.125
748	751	746	746	0.125	0.125
748	752	791	791	0.125	0.125
737	770	736	736	0.125	0.125
769	770	736	736	0.125	0.125
737	771	738	738	0.125	0.125
769	772	828	829	0.166667	0.166667
738	774	737	737	0.125	0.125
738	775	739	739	0.125	0.125
778	775	739	739	0.125	0.125
778	777	864	865	0.166667	0.166667
743	782	742	742	0.125	0.125
781	782	742	742	0.125	0.125
743	783	744	744	0.125	0.125
781	784	894	895	0.166667	0.166667
744	786	743	743	0.125	0.125
744	787	747	745	0.166667	0.166667
791	794	748	748	0.125	0.125
791	796	793	793	0.125	0.125
793	798	791	791	0.125	0.125
793	800	931	931	0.125	0.125
767	820	766	766	0.125	0.125
819	820	766	766	0.125	0.125
767	821	768	768	0.125	0.125
819	822	987	988	0.166667	0.166667
768	824	767	767	0.125	0.125
768	825	769	769	0.125	0.125
769	828	768	768	0.125	0.125
769	829	772	770	0.166667	0.166667
828	830	825	825	0.125	0.125
827	830	825	825	0.125	0.125
828	831	829	829	0.125	0.125
827	832	1014	1015	0.166667	0.166667
829	834	828	828	0.125	0.125
829	835	838	838	0.125	0.125
1024	836	1021	1023	0.166667	0.166667
1024	837	1027	1027	0.125	0.125
773	839	772	772	0.125	0.125
838	839	772	772	0.125	0.125
773	840	776	776	0.125	0.125
838	841	843	844	0.166667	0.166667
838	843	829	829	0.125	0.125
838	844	841	839	0.166667	0.166667
1027	845	1024	1024	0.125	0.125
1027	846	1028	1028	0.125	0.125
859	848	854	853	0.166667	0.166667
1028	849	1027	1027	0.125	0.125
859	850	1031	1031	0.125	0.125
1028	850	1031	1031	0.125	0.125
776	851	773	773	0.125	0.125
776	852	777	777	0.125	0.125
859	853	848	850	0.166667	0.166667
859	854	862	860	0.166667	0.166667
777	855	776	776	0.125	0.125
777	856	778	778	0.0833333	0.0833333
864	856	778	778	0.0833333	0.0833333
864	858	866	867	0.166667	0.166667
859	860	854	853	0.166667	0.166667
1032	862	1031	1031	0.125	0.125
859	862	1031	1031	0.125	0.125
1032	863	1035	1035	0.125	0.125
778	864	775	777	0.166667	0.166667
778	865	779	779	0.125	0.125
864	866	856	858	0.166667	0.166667
864	867	865	865	0.125	0.125
1035	868	1032	1032	0.125	0.125
1035	869	1036	1036	0.125	0.125
865	870	864	864	0.125	0.125
865	871	874	874	0.125	0.125
1036	872	1035	1035	0.125	0.125
1036	873	1039	1039	0.125	0.125
779	874	778	778	0.125	0.125
779	875	780	780	0.125	0.125
874	876	865	865	0.125	0.125
874	877	875	875	0.125	0.125
1039	878	1036	1036	0.125	0.125
1039	879	1040	1040	0.125	0.125
875	880	874	874	0.125	0.125
875	881	884	884	0.125	0.125
1040	882	1039	1039	0.125	0.125
1040	883	1043	1043	0.125	0.125
780	884	779	779	0.125	0.125
780	885	781	781	0.125	0.125
884	886	875	875	0.125	0.125
884	887	885	885	0.125	0.125
1043	888	1040	1040	0.125	0.125
1043	889	1044	1044	0.125	0.125
885	890	884	884	0.125	0.125
885	891	894	894	0.125	0.125
1044	892	1043	1043	0.125	0.125
1044	893	1047	1047	0.125	0.125
781	894	780	780	0.125	0.125
781	895	784	782	0.166667	0.166667
894	896	885	885	0.125	0.125
894	897	895	895	0.125	0.125
1047	898	1044	1044	0.125	0.125
1047	899	1050	1048	0.166667	0.166667
895	900	894	894	0.125	0.125
895	901	904	904	0.125	0.125
785	905	784	784	0.125	0.125
904	905	784	784	0.125	0.125
785	906	788	788	0.125	0.125
904	907	909	910	0.166667	0.166667
904	909	895	895	0.125	0.125
904	910	907	905	0.166667	0.166667
1058	915	1055	1057	0.166667	0.166667
1058	916	1061	1061	0.125	0.125
788	917	785	785	0.125	0.125
788	918	789	789	0.125	0.125
921	918	789	789	0.125	0.125
921	920	926	927	0.166667	0.166667
1061	924	1058	1058	0.125	0.125
1061	925	1064	1062	0.166667	0.166667
921	926	918	920	0.166667	0.166667
921	927	930	930	0.125	0.125
932	927	930	930	0.125	0.125
932	929	1068	1069	0.166667	0.166667
931	933	930	930	0.125	0.125
932	933	930	930	0.125	0.125
931	934	939	937	0.166667	0.166667
932	935	1068	1069	0.166667	0.166667
931	937	793	793	0.125	0.125
931	939	933	934	0.166667	0.166667
945	947	1088	1089	0.166667	0.166667
802	950	803	803	0.125	0.125
949	951	946	946	0.125	0.125
948	951	946	946	0.125	0.125
949	952	950	950	0.125	0.125
955	952	950	950	0.125	0.125
948	953	1102	1103	0.166667	0.166667
955	954	1115	1116	0.166667	0.166667
803	956	802	802	0.125	0.125
803	957	804	804	0.125	0.125
804	960	803	803	0.125	0.125
804	961	805	805	0.125	0.125
964	961	805	805	0.125	0.125
964	963	1147	1148	0.166667	0.166667
816	975	815	815	0.125	0.125
974	975	815	815	0.125	0.125
816	976	817	817	0.125	0.125
974	977	1178	1179	0.166667	0.166667
817	979	816	816	0.125	0.125
817	980	818	818	0.125	0.125
818	983	817	817	0.125	0.125
818	984	819	819	0.125	0.125
819	987	818	818	0.125	0.125
819	988	822	820	0.166667	0.166667
987	989	984	984	0.125	0.125
986	989	984	984	0.125	0.125
987	990	988	988	0.125	0.125
986	991	1215	1216	0.166667	0.166667
988	993	987	987	0.125	0.125
988	994	997	997	0.125	0.125
1225	995	1222	1224	0.166667	0.166667
1225	996	1228	1228	0.125	0.125
823	998	822	822	0.125	0.125
997	998	822	822	0.125	0.125
823	999	826	826	0.125	0.125
997	1000	1002	1003	0.166667	0.166667
997	1002	988	988	0.125	0.125
997	1003	1000	998	0.166667	0.166667
1228	1004	1225	1225	0.125	0.125
1228	1005	1229	1229	0.125	0.125
1018	1007	1013	1012	0.166667	0.166667
1229	1008	1228	1228	0.125	0.125
1018	1009	1232	1232	0.0833333	0.0833333
1229	1009	1232	1232	0.0833333	0.0833333
1232	1018	1229	1231	0.166667	0.166667
1232	1019	1233	1233	0.125	0.125
826	1010	823	823	0.125	0.125
826	1011	827	827	0.125	0.125
1018	1012	1007	1009	0.166667	0.166667
1018	1013	1019	1019	0.125	0.125
827	1014	826	826	0.125	0.125
827	1015	832	830	0.166667	0.166667
1019	1016	1018	1018	0.125	0.125
1019	1017	1025	1025	0.125	0.125
1233	1025	1232	1232	0.125	0.125
1233	1026	1234	1234	0.125	0.125
1024	1021	837	836	0.166667	0.166667
1025	1022	1019	1019	0.125	0.125
1024	1023	1026	1026	0.125	0.125
1025	1023	1026	1026	0.125	0.125
1234	1029	1233	1233	0.125	0.125
1234	1030	1235	1235	0.125	0.125
1235	1033	1234	1234	0.125	0.125
1235	1034	1236	1236	0.125	0.125
1236	1037	1235	1235	0.125	0.125
1236	1038	1237	1237	0.125	0.125
1237	1041	1236	1236	0.125	0.125
1237	1042	1238	1238	0.125	0.125
1238	1045	1237	1237	0.125	0.125
1238	1046	1239	1239	0.125	0.125
1239	1052	1238	1238	0.125	0.125
1239	1053	1240	1240	0.125	0.125
1047	1048	899	898	0.166667	0.166667
1053	1050	1052	1052	0.125	0.125
1047	1050	1052	1052	0.125	0.125
1053	1051	1059	1059	0.125	0.125
1240	1059	1239	1239	0.125	0.125
1240	1060	1241	1241	0.125	0.125
1058	1055	916	915	0.166667	0.166667
1059	1056	1053	1053	0.125	0.125
1058	1057	1060	1060	0.125	0.125
1059	1057	1060	1060	0.125	0.125
1241	1066	1240	1240	0.125	0.125
1241	1067	1244	1242	0.166667	0.166667
1061	1062	925	924	0.166667	0.166667
1067	1064	1066	1066	0.125	0.125
1061	1064	1066	1066	0.125	0.125
1067	1065	1076	1076	0.125	0.125
932	1068	927	929	0.166667	0.166667
932	1069	935	933	0.166667	0.166667
1076	1070	1067	1067	0.125	0.125
1076	1071	1077	1077	0.125	0.125
1077	1074	1076	1076	0.125	0.125
1077	1075	1081	1080	0.166667	0.166667
1077	1080	1075	1074	0.166667	0.166667
1077	1081	1243	1243	0.125	0.125
1083	1086	1261	1262	0.166667	0.166667
1088	1091	1089	1089	0.125	0.125
1271	1092	1266	1268	0.166667	0.166667
1271	1093	1272	1272	0.125	0.125
1089	1094	1088	1088	0.125	0.125
1089	1095	1100	1098	0.166667	0.166667
1272	1096	1271	1271	0.125	0.125
1272	1097	1275	1275	0.125	0.125
947	1098	945	945	0.0833333	0.0833333
1089	1098	945	945	0.0833333	0.0833333
947	1099	948	948	0.125	0.125
1089	1100	1094	1095	0.166667	0.166667
948	1102	947	947	0.125	0.125
948	1103	953	951	0.166667	0.166667
1110	1104	1107	1109	0.166667	0.166667
1110	1105	1119	1119	0.125	0.125
1110	1107	1105	1104	0.166667	0.166667
1275	1108	1272	1272	0.125	0.125
1110	1109	1276	1276	0.125	0.125
1275	1109	1276	1276	0.125	0.125
1119	1113	1110	1110	0.125	0.125
1119	1114	1120	1120	0.125	0.125
955	1115	952	954	0.166667	0.166667
955	1116	958	958	0.125	0.125
1120	1117	1119	1119	0.125	0.125
1120	1118	1129	1129	0.125	0.125
958	1121	955	955	0.125	0.125
958	1122	959	959	0.125	0.125
1129	1123	1120	1120	0.125	0.125
1129	1124	1132	1130	0.166667	0.166667
959	1125	958	958	0.125	0.125
959	1126	962	962	0.125	0.125
1129	1130	1124	1123	0.166667	0.166667
1284	1132	1283	1283	0.125	0.125
1129	1132	1283	1283	0.125	0.125
1284	1133	1295	1293	0.166667	0.166667
962	1134	959	959	0.125	0.125
962	1135	963	963	0.125	0.125
1138	1135	963	963	0.125	0.125
1138	1137	1143	1144	0.166667	0.166667
1138	1143	1135	1137	0.166667	0.166667
1138	1144	1147	1147	0.125	0.125
964	1147	961	963	0.166667	0.166667
964	1148	965	965	0.125	0.125
1147	1149	1138	1138	0.125	0.125
1147	1150	1148	1148	0.125	0.125
1306	1151	1298	1300	0.166667	0.166667
1306	1152	1309	1307	0.166667	0.166667
1148	1153	1147	1147	0.125	0.125
1148	1154	1157	1157	0.125	0.125
1159	1154	1157	1157	0.125	0.125
1159	1156	1313	1314	0.166667	0.166667
965	1157	964	964	0.125	0.125
965	1158	966	966	0.125	0.125
966	1161	965	965	0.125	0.125
966	1162	967	967	0.125	0.125
1165	1162	967	967	0.125	0.125
1165	1164	1336	1337	0.166667	0.166667
972	1170	971	971	0.125	0.125
1169	1170	971	971	0.125	0.125
972	1171	973	973	0.125	0.125
1169	1172	1373	1374	0.166667	0.166667
973	1174	972	972	0.125	0.125
973	1175	974	974	0.125	0.125
974	1178	973	973	0.125	0.125
974	1179	977	975	0.166667	0.166667
1178	1180	1175	1175	0.125	0.125
1177	1180	1175	1175	0.125	0.125
1178	1181	1179	1179	0.125	0.125
1177	1182	1400	1401	0.166667	0.166667
1179	1184	1178	1178	0.125	0.125
1179	1185	1188	1188	0.125	0.125
1410	1186	1407	1409	0.166667	0.166667
1410	1187	1413	1413	0.125	0.125
978	1189	977	977	0.125	0.125
1188	1189	977	977	0.125	0.125
978	1190	981	981	0.125	0.125
1188	1191	1193	1194	0.166667	0.166667
1188	1193	1179	1179	0.125	0.125
1188	1194	1191	1189	0.166667	0.166667
1413	1195	1410	1410	0.125	0.125
1413	1196	1414	1414	0.125	0.125
1209	1198	1204	1203	0.166667	0.166667
1414	1199	1413	1413	0.125	0.125
1209	1200	1417	1417	0.0833333	0.0833333
1414	1200	1417	1417	0.0833333	0.0833333
1417	1209	1414	1416	0.166667	0.166667
1417	1210	1418	1418	0.125	0.125
981	1201	978	978	0.125	0.125
981	1202	982	982	0.125	0.125
1209	1203	1198	1200	0.166667	0.166667
1209	1204	1210	1210	0.125	0.125
982	1205	981	981	0.125	0.125
982	1206	985	985	0.125	0.125
1210	1207	1209	1209	0.125	0.125
1210	1208	1219	1219	0.125	0.125
1418	1219	1417	1417	0.125	0.125
1418	1220	1419	1419	0.125	0.125
985	1211	982	982	0.125	0.125
985	1212	986	986	0.125	0.125
1219	1213	1210	1210	0.125	0.125
1219	1214	1220	1220	0.125	0.125
986	1215	985	985	0.125	0.125
986	1216	991	989	0.166667	0.166667
1220	1217	1219	1219	0.125	0.125
1220	1218	1226	1226	0.125	0.125
1419	1226	1418	1418	0.125	0.125
1419	1227	1420	1420	0.125	0.125
1225	1222	996	995	0.166667	0.166667
1226	1223	1220	1220	0.125	0.125
1225	1224	1227	1227	0.125	0.125
1226	1224	1227	1227	0.125	0.125
1232	1229	1019	1018	0.166667	0.166667
1420	1230	1419	1419	0.125	0.125
1232	1231	1421	1421	0.125	0.125
1420	1231	1421	1421	0.125	0.125
1241	1242	1067	1066	0.166667	0.166667
1241	1244	1430	1430	0.125	0.125
1243	1246	1077	1077	0.125	0.125
1243	1247	1245	1245	0.125	0.125
1245	1248	1243	1243	0.125	0.125
1245	1249	1432	1432	0.125	0.125
1250	1256	1446	1447	0.166667	0.166667
1082	1253	1083	1083	0.125	0.125
1251	1254	1256	1256	0.125	0.125
1256	1257	1251	1251	0.125	0.125
1269	1258	1264	1263	0.166667	0.166667
1256	1259	1456	1457	0.166667	0.166667
1269	1260	1469	1469	0.125	0.125
1083	1261	1082	1082	0.125	0.125
1083	1262	1086	1084	0.166667	0.166667
1269	1263	1258	1260	0.166667	0.166667
1269	1264	1270	1270	0.125	0.125
1271	1266	1093	1092	0.166667	0.166667
1270	1267	1269	1269	0.125	0.125
1271	1268	1273	1273	0.125	0.125
1270	1268	1273	1273	0.125	0.125
1283	1285	1280	1280	0.125	0.125
1282	1285	1280	1280	0.125	0.125
1283	1286	1284	1284	0.125	0.125
1282	1287	1503	1504	0.166667	0.166667
1284	1289	1283	1283	0.125	0.125
1284	1290	1295	1293	0.166667	0.166667
1513	1291	1510	1512	0.166667	0.166667
1513	1292	1516	1516	0.125	0.125
1284	1293	1133	1132	0.166667	0.166667
1284	1295	1289	1290	0.166667	0.166667
1306	1298	1152	1151	0.166667	0.166667
1305	1299	1302	1304	0.166667	0.166667
1306	1300	1311	1311	0.125	0.125
1305	1300	1311	1311	0.125	0.125
1305	1302	1300	1299	0.166667	0.166667
1516	1303	1513	1513	0.125	0.125
1305	1304	1517	1517	0.125	0.125
1516	1304	1517	1517	0.125	0.125
1520	1311	1517	1519	0.166667	0.166667
1520	1312	1521	1521	0.125	0.125
1306	1307	1152	1151	0.166667	0.166667
1312	1309	1311	1311	0.125	0.125
1306	1309	1311	1311	0.125	0.125
1312	1310	1321	1321	0.125	0.125
1521	1321	1520	1520	0.125	0.125
1521	1322	1524	1522	0.166667	0.166667
1159	1313	1154	1156	0.166667	0.166667
1159	1314	1160	1160	0.125	0.125
1321	1315	1312	1312	0.125	0.125
1321	1316	1322	1322	0.125	0.125
1160	1317	1159	1159	0.125	0.125
1160	1318	1163	1163	0.125	0.125
1322	1319	1321	1321	0.125	0.125
1322	1320	1330	1328	0.166667	0.166667
1163	1323	1160	1160	0.125	0.125
1163	1324	1164	1164	0.125	0.125
1327	1324	1164	1164	0.125	0.125
1327	1326	1332	1333	0.166667	0.166667
1322	1328	1320	1319	0.166667	0.166667
1522	1330	1521	1521	0.0833333	0.0833333
1322	1330	1521	1521	0.0833333	0.0833333
1522	1331	1523	1523	0.125	0.125
1327	1332	1324	1326	0.166667	0.166667
1327	1333	1336	1336	0.125	0.125
1523	1334	1522	1522	0.125	0.125
1523	1335	1526	1526	0.125	0.125
1165	1336	1162	1164	0.166667	0.166667
1165	1337	1166	1166	0.125	0.125
1336	1338	1327	1327	0.125	0.125
1336	1339	1337	1337	0.125	0.125
1526	1340	1523	1523	0.125	0.125
1526	1341	1527	1527	0.125	0.125
1337	1342	1336	1336	0.125	0.125
1337	1343	1346	1346	0.125	0.125
1527	1344	1526	1526	0.125	0.125
1527	1345	1530	1530	0.125	0.125
1166	1346	1165	1165	0.125	0.125
1166	1347	1167	1167	0.125	0.125
1346	1348	1337	1337	0.125	0.125
1346	1349	1347	1347	0.125	0.125
1530	1350	1527	1527	0.125	0.125
1530	1351	1531	1531	0.125	0.125
1347	1352	1346	1346	0.125	0.125
1347	1353	1356	1356	0.125	0.125
1531	1354	1530	1530	0.125	0.125
1531	1355	1536	1534	0.166667	0.166667
1167	1356	1166	1166	0.125	0.125
1167	1357	1168	1168	0.125	0.125
1356	1358	1347	1347	0.125	0.125
1356	1359	1357	1357	0.125	0.125
1362	1359	1357	1357	0.125	0.125
1362	1361	1538	1539	0.166667	0.166667
1168	1363	1167	1167	0.125	0.125
1168	1364	1169	1169	0.125	0.125
1363	1365	1357	1357	0.125	0.125
1362	1365	1357	1357	0.125	0.125
1363	1366	1364	1364	0.125	0.125
1362	1367	1538	1539	0.166667	0.166667
1364	1369	1363	1363	0.125	0.125
1364	1370	1373	1373	0.125	0.125
1548	1371	1545	1547	0.166667	0.166667
1548	1372	1551	1551	0.125	0.125
1169	1373	1168	1168	0.125	0.125
1169	1374	1172	1170	0.166667	0.166667
1373	1375	1364	1364	0.125	0.125
1373	1376	1374	1374	0.125	0.125
1551	1377	1548	1548	0.125	0.125
1551	1378	1552	1552	0.125	0.125
1374	1379	1373	1373	0.125	0.125
1374	1380	1385	1383	0.166667	0.166667
1552	1381	1551	1551	0.125	0.125
1552	1382	1555	1555	0.125	0.125
1172	1383	1169	1169	0.0833333	0.0833333
1374	1383	1169	1169	0.0833333	0.0833333
1172	1384	1173	1173	0.125	0.125
1374	1385	1379	1380	0.166667	0.166667
1173	1387	1172	1172	0.125	0.125
1173	1388	1176	1176	0.125	0.125
1395	1389	1392	1394	0.166667	0.166667
1395	1390	1404	1404	0.125	0.125
1395	1392	1390	1389	0.166667	0.166667
1555	1393	1552	1552	0.125	0.125
1395	1394	1556	1556	0.125	0.125
1555	1394	1556	1556	0.125	0.125
1559	1404	1556	1558	0.166667	0.166667
1559	1405	1560	1560	0.125	0.125
1176	1396	1173	1173	0.125	0.125
1176	1397	1177	1177	0.125	0.125
1404	1398	1395	1395	0.125	0.125
1404	1399	1405	1405	0.125	0.125
1177	1400	1176	1176	0.125	0.125
1177	1401	1182	1180	0.166667	0.166667
1405	1402	1404	1404	0.125	0.125
1405	1403	1411	1411	0.125	0.125
1560	1411	1559	1559	0.125	0.125
1560	1412	1561	1561	0.125	0.125
1410	1407	1187	1186	0.166667	0.166667
1411	1408	1405	1405	0.125	0.125
1410	1409	1412	1412	0.125	0.125
1411	1409	1412	1412	0.125	0.125
1417	1414	1210	1209	0.166667	0.166667
1561	1415	1560	1560	0.125	0.125
1417	1416	1562	1562	0.125	0.125
1561	1416	1562	1562	0.125	0.125
1430	1431	1241	1241	0.125	0.125
1430	1433	1578	1579	0.166667	0.166667
1432	1434	1431	1431	0.125	0.125
1433	1434	1431	1431	0.125	0.125
1432	1435	1439	1438	0.166667	0.166667
1433	1436	1588	1588	0.125	0.125
1432	1438	1245	1245	0.125	0.125
1432	1439	1434	1435	0.166667	0.166667
1441	1443	1446	1446	0.125	0.125
1250	1447	1256	1251	0.166667	0.166667
1446	1448	1441	1441	0.125	0.125
1446	1449	1447	1447	0.125	0.125
1612	1450	1604	1606	0.166667	0.166667
1612	1451	1613	1613	0.125	0.125
1447	1452	1446	1446	0.125	0.125
1447	1453	1458	1456	0.166667	0.166667
1613	1454	1612	1612	0.125	0.125
1613	1455	1616	1616	0.125	0.125
1256	1456	1250	1250	0.0833333	0.0833333
1447	1456	1250	1250	0.0833333	0.0833333
1256	1457	1259	1257	0.166667	0.166667
1447	1458	1452	1453	0.166667	0.166667
1469	1461	1269	1269	0.125	0.125
1468	1462	1465	1467	0.166667	0.166667
1469	1463	1471	1471	0.125	0.125
1468	1463	1471	1471	0.125	0.125
1468	1465	1463	1462	0.166667	0.166667
1616	1466	1613	1613	0.125	0.125
1468	1467	1617	1618	0.166667	0.166667
1616	1467	1619	1617	0.166667	0.166667
1470	1472	1469	1469	0.125	0.125
1471	1472	1469	1469	0.125	0.125
1470	1473	1478	1476	0.166667	0.166667
1471	1474	1629	1630	0.166667	0.166667
1273	1476	1270	1270	0.125	0.125
1470	1476	1270	1270	0.125	0.125
1273	1477	1274	1274	0.125	0.125
1470	1478	1472	1473	0.166667	0.166667
1274	1480	1273	1273	0.125	0.125
1274	1481	1277	1277	0.125	0.125
1488	1482	1485	1487	0.166667	0.166667
1488	1483	1497	1497	0.125	0.125
1488	1485	1483	1482	0.166667	0.166667
1639	1486	1634	1636	0.166667	0.166667
1488	1487	1640	1640	0.125	0.125
1639	1487	1640	1640	0.125	0.125
1643	1497	1640	1642	0.166667	0.166667
1643	1498	1644	1644	0.125	0.125
1277	1489	1274	1274	0.125	0.125
1277	1490	1278	1278	0.125	0.125
1497	1491	1488	1488	0.125	0.125
1497	1492	1498	1498	0.125	0.125
1278	1493	1277	1277	0.125	0.125
1278	1494	1281	1281	0.125	0.125
1498	1495	1497	1497	0.125	0.125
1498	1496	1507	1507	0.125	0.125
1644	1507	1643	1643	0.125	0.125
1644	1508	1645	1645	0.125	0.125
1281	1499	1278	1278	0.125	0.125
1281	1500	1282	1282	0.125	0.125
1507	1501	1498	1498	0.125	0.125
1507	1502	1508	1508	0.125	0.125
1282	1503	1281	1281	0.125	0.125
1282	1504	1287	1285	0.166667	0.166667
1508	1505	1507	1507	0.125	0.125
1508	1506	1514	1514	0.125	0.125
1645	1514	1644	1644	0.125	0.125
1645	1515	1646	1646	0.125	0.125
1513	1510	1292	1291	0.166667	0.166667
1514	1511	1508	1508	0.125	0.125
1513	1512	1515	1515	0.125	0.125
1514	1512	1515	1515	0.125	0.125
1520	1517	1312	1311	0.166667	0.166667
1646	1518	1645	1645	0.125	0.125
1520	1519	1647	1647	0.125	0.125
1646	1519	1647	1647	0.125	0.125
1521	1522	1322	1321	0.166667	0.166667
1649	1524	1648	1648	0.125	0.125
1521	1524	1648	1648	0.125	0.125
1649	1525	1650	1650	0.125	0.125
1650	1528	1649	1649	0.125	0.125
1650	1529	1651	1651	0.125	0.125
1651	1532	1650	1650	0.125	0.125
1651	1533	1652	1652	0.125	0.125
1652	1542	1651	1651	0.125	0.125
1652	1543	1653	1653	0.125	0.125
1531	1534	1355	1354	0.166667	0.166667
1542	1536	1533	1533	0.125	0.125
1531	1536	1533	1533	0.125	0.125
1542	1537	1543	1543	0.125	0.125
1362	1538	1359	1361	0.166667	0.166667
1362	1539	1367	1365	0.166667	0.166667
1543	1540	1542	1542	0.125	0.125
1543	1541	1549	1549	0.125	0.125
1653	1549	1652	1652	0.125	0.125
1653	1550	1654	1654	0.125	0.125
1548	1545	1372	1371	0.166667	0.166667
1549	1546	1543	1543	0.125	0.125
1548	1547	1550	1550	0.125	0.125
1549	1547	1550	1550	0.125	0.125
1654	1553	1653	1653	0.125	0.125
1654	1554	1655	1655	0.125	0.125
1559	1556	1405	1404	0.166667	0.166667
1655	1557	1654	1654	0.125	0.125
1559	1558	1656	1656	0.125	0.125
1655	1558	1656	1656	0.125	0.125
1429	1574	1428	1428	0.125	0.125
1573	1574	1428	1428	0.125	0.125
1429	1575	1430	1430	0.125	0.125
1573	1576	1670	1671	0.166667	0.166667
1430	1578	1429	1429	0.125	0.125
1430	1579	1433	1431	0.166667	0.166667
1578	1580	1575	1575	0.125	0.125
1577	1580	1575	1575	0.125	0.125
1578	1581	1579	1579	0.125	0.125
1577	1582	1675	1676	0.166667	0.166667
1579	1584	1578	1578	0.125	0.125
1579	1585	1588	1588	0.125	0.125
1593	1585	1588	1588	0.125	0.125
1593	1587	1700	1700	0.125	0.125
1588	1589	1433	1433	0.125	0.125
1588	1591	1593	1593	0.125	0.125
1593	1594	1588	1588	0.125	0.125
1593	1596	1700	1700	0.125	0.125
1612	1604	1451	1450	0.166667	0.166667
1611	1605	1608	1610	0.166667	0.166667
1612	1606	1614	1614	0.125	0.125
1611	1606	1614	1614	0.125	0.125
1611	1608	1606	1605	0.166667	0.166667
1599	1609	1728	1729	0.166667	0.166667
1611	1610	1738	1738	0.125	0.125
1468	1617	1465	1467	0.166667	0.166667
1616	1617	1467	1466	0.166667	0.166667
1468	1618	1471	1471	0.125	0.125
1616	1619	1621	1622	0.166667	0.166667
1616	1621	1613	1613	0.125	0.125
1615	1621	1613	1613	0.125	0.125
1616	1622	1619	1617	0.166667	0.166667
1615	1623	1748	1749	0.166667	0.166667
1637	1626	1632	1631	0.166667	0.166667
1761	1627	1758	1760	0.166667	0.166667
1637	1628	1764	1764	0.0833333	0.0833333
1761	1628	1764	1764	0.0833333	0.0833333
1764	1637	1761	1763	0.166667	0.166667
1764	1638	1765	1765	0.125	0.125
1471	1629	1468	1468	0.125	0.125
1471	1630	1474	1472	0.166667	0.166667
1637	1631	1626	1628	0.166667	0.166667
1637	1632	1638	1638	0.125	0.125
1639	1634	1487	1486	0.166667	0.166667
1638	1635	1637	1637	0.125	0.125
1639	1636	1641	1641	0.125	0.125
1638	1636	1641	1641	0.125	0.125
1643	1640	1498	1497	0.166667	0.166667
1765	1641	1764	1764	0.125	0.125
1643	1642	1766	1766	0.125	0.125
1765	1642	1766	1766	0.125	0.125
1573	1670	1572	1572	0.125	0.125
1669	1670	1572	1572	0.125	0.125
1573	1671	1576	1574	0.166667	0.166667
1669	1672	1813	1814	0.166667	0.166667
1577	1675	1576	1576	0.125	0.125
1674	1675	1576	1576	0.125	0.125
1577	1676	1582	1580	0.166667	0.166667
1674	1677	1679	1680	0.166667	0.166667
1674	1679	1671	1671	0.125	0.125
1673	1679	1671	1671	0.125	0.125
1674	1680	1677	1675	0.166667	0.166667
1673	1681	1821	1822	0.166667	0.166667
1695	1684	1690	1689	0.166667	0.166667
1837	1685	1834	1836	0.166667	0.166667
1695	1686	1840	1840	0.125	0.125
1837	1686	1840	1840	0.125	0.125
1695	1689	1684	1686	0.166667	0.166667
1695	1690	1698	1696	0.166667	0.166667
1700	1692	1593	1593	0.125	0.125
1700	1694	1705	1705	0.125	0.125
1695	1696	1690	1689	0.166667	0.166667
1705	1697	1700	1700	0.125	0.125
1695	1698	1840	1840	0.125	0.125
1705	1699	1850	1850	0.125	0.125
1700	1701	1593	1593	0.125	0.125
1700	1703	1705	1705	0.125	0.125
1705	1706	1700	1700	0.125	0.125
1705	1708	1850	1850	0.125	0.125
1864	1714	1863	1863	0.125	0.125
1711	1714	1863	1863	0.125	0.125
1864	1715	1867	1867	0.125	0.125
1724	1718	1721	1723	0.166667	0.166667
1724	1719	1732	1732	0.125	0.125
1724	1721	1719	1718	0.166667	0.166667
1867	1722	1864	1864	0.125	0.125
1724	1723	1868	1868	0.125	0.125
1867	1723	1868	1868	0.125	0.125
1598	1725	1599	1599	0.125	0.125
1732	1726	1724	1724	0.125	0.125
1732	1727	1733	1733	0.125	0.125
1599	1728	1598	1598	0.125	0.125
1599	1729	1609	1607	0.166667	0.166667
1733	1730	1732	1732	0.125	0.125
1733	1731	1739	1739	0.125	0.125
1738	1735	1611	1611	0.125	0.125
1739	1736	1733	1733	0.125	0.125
1738	1737	1740	1741	0.166667	0.166667
1739	1737	1742	1740	0.166667	0.166667
1738	1740	1735	1737	0.166667	0.166667
1739	1740	1737	1736	0.166667	0.166667
1738	1741	1746	1744	0.166667	0.166667
1739	1742	1882	1883	0.166667	0.166667
1614	1744	1611	1611	0.125	0.125
1738	1744	1611	1611	0.125	0.125
1614	1745	1615	1615	0.125	0.125
1738	1746	1740	1741	0.166667	0.166667
1615	1748	1614	1614	0.125	0.125
1615	1749	1623	1621	0.166667	0.166667
1756	1750	1753	1755	0.166667	0.166667
1756	1751	1762	1762	0.125	0.125
1756	1753	1751	1750	0.166667	0.166667
1891	1754	1887	1889	0.166667	0.166667
1756	1755	1892	1892	0.125	0.125
1891	1755	1892	1892	0.125	0.125
1764	1761	1638	1637	0.166667	0.166667
1764	1763	1894	1894	0.125	0.125
1893	1763	1894	1894	0.125	0.125
1761	1758	1628	1627	0.166667	0.166667
1762	1759	1756	1756	0.125	0.125
1761	1760	1763	1763	0.125	0.125
1762	1760	1763	1763	0.125	0.125
1663	1786	1662	1662	0.125	0.125
1785	1786	1662	1662	0.125	0.125
1663	1787	1664	1664	0.125	0.125
1785	1788	1916	1917	0.166667	0.166667
1664	1790	1663	1663	0.125	0.125
1664	1791	1665	1665	0.125	0.125
1665	1794	1664	1664	0.125	0.125
1665	1795	1666	1666	0.125	0.125
1798	1795	1666	1666	0.125	0.125
1798	1797	1956	1957	0.166667	0.166667
1667	1799	1666	1666	0.125	0.125
1798	1799	1666	1666	0.125	0.125
1667	1800	1668	1668	0.125	0.125
1798	1801	1956	1957	0.166667	0.166667
1668	1803	1667	1667	0.125	0.125
1668	1804	1669	1669	0.125	0.125
1803	1805	1800	1800	0.125	0.125
1802	1805	1800	1800	0.125	0.125
1803	1806	1804	1804	0.125	0.125
1802	1807	1967	1968	0.166667	0.166667
1804	1809	1803	1803	0.125	0.125
1804	1810	1813	1813	0.125	0.125
1983	1811	1980	1982	0.166667	0.166667
1983	1812	1988	1986	0.166667	0.166667
1669	1813	1668	1668	0.125	0.125
1669	1814	1672	1670	0.166667	0.166667
1813	1815	1804	1804	0.125	0.125
1813	1816	1814	1814	0.125	0.125
1819	1816	1814	1814	0.125	0.125
1819	1818	1990	1991	0.166667	0.166667
1673	1821	1672	1672	0.125	0.125
1820	1821	1672	1672	0.125	0.125
1673	1822	1681	1679	0.166667	0.166667
1820	1823	1825	1826	0.166667	0.166667
1820	1825	1814	1814	0.125	0.125
1819	1825	1814	1814	0.125	0.125
1820	1826	1823	1821	0.166667	0.166667
1819	1827	1990	1991	0.166667	0.166667
1838	1830	1836	1835	0.166667	0.166667
2000	1831	1997	1999	0.166667	0.166667
1838	1832	2003	2003	0.0833333	0.0833333
2000	1832	2003	2003	0.0833333	0.0833333
2003	1838	2000	2002	0.166667	0.166667
2003	1839	2006	2004	0.166667	0.166667
1837	1834	1686	1685	0.166667	0.166667
1838	1835	1830	1832	0.166667	0.166667
1837	1836	1839	1839	0.125	0.125
1838	1836	1839	1839	0.125	0.125
1840	1841	1695	1695	0.125	0.125
1850	1842	1705	1705	0.125	0.125
1840	1843	1845	1845	0.125	0.125
1850	1844	1855	1856	0.166667	0.166667
1845	1846	1840	1840	0.125	0.125
2005	1848	2004	2004	0.125	0.125
1845	1848	2004	2004	0.125	0.125
2005	1849	2008	2008	0.125	0.125
1850	1851	1705	1705	0.125	0.125
1850	1853	1855	1856	0.166667	0.166667
1850	1855	1842	1844	0.166667	0.166667
1850	1856	1853	1851	0.166667	0.166667
2008	1857	2005	2005	0.125	0.125
2008	1858	2011	2009	0.166667	0.166667
1732	1871	1724	1724	0.125	0.125
1868	1871	1724	1724	0.125	0.125
1732	1872	1733	1733	0.125	0.125
1868	1873	1870	1870	0.125	0.125
1733	1875	1732	1732	0.125	0.125
1733	1876	1739	1739	0.125	0.125
1881	1878	1890	1890	0.125	0.125
1870	1879	1868	1868	0.125	0.125
1881	1880	1878	1877	0.166667	0.166667
1739	1882	1733	1733	0.125	0.125
1739	1883	1742	1740	0.166667	0.166667
1890	1884	1881	1881	0.125	0.125
1891	1887	1755	1754	0.166667	0.166667
1893	1892	1763	1762	0.166667	0.166667
1784	1912	1783	1783	0.125	0.125
1911	1912	1783	1783	0.125	0.125
1784	1913	1785	1785	0.125	0.125
1911	1914	2032	2033	0.166667	0.166667
1785	1916	1784	1784	0.125	0.125
1785	1917	1788	1786	0.166667	0.166667
1789	1921	1788	1788	0.125	0.125
1920	1921	1788	1788	0.125	0.125
1789	1922	1792	1792	0.125	0.125
1920	1923	1925	1926	0.166667	0.166667
1920	1925	1917	1917	0.125	0.125
1919	1925	1917	1917	0.125	0.125
1920	1926	1923	1921	0.166667	0.166667
1919	1927	2056	2057	0.166667	0.166667
1941	1930	1936	1935	0.166667	0.166667
2066	1931	2063	2065	0.166667	0.166667
1941	1932	2069	2069	0.0833333	0.0833333
2066	1932	2069	2069	0.0833333	0.0833333
2069	1941	2066	2068	0.166667	0.166667
2069	1942	2072	2070	0.166667	0.166667
1792	1933	1789	1789	0.125	0.125
1792	1934	1793	1793	0.125	0.125
1941	1935	1930	1932	0.166667	0.166667
1941	1936	1942	1942	0.125	0.125
1793	1937	1792	1792	0.125	0.125
1793	1938	1796	1796	0.125	0.125
1942	1939	1941	1941	0.125	0.125
1942	1940	1951	1951	0.125	0.125
1796	1943	1793	1793	0.125	0.125
1796	1944	1797	1797	0.125	0.125
1951	1945	1942	1942	0.125	0.125
1951	1946	1954	1952	0.166667	0.166667
1797	1947	1796	1796	0.125	0.125
1797	1948	1798	1798	0.0833333	0.0833333
1956	1948	1798	1798	0.0833333	0.0833333
1956	1950	1958	1959	0.166667	0.166667
1951	1952	1946	1945	0.166667	0.166667
2071	1954	2070	2070	0.125	0.125
1951	1954	2070	2070	0.125	0.125
2071	1955	2074	2074	0.125	0.125
1798	1956	1795	1797	0.166667	0.166667
1798	1957	1801	1799	0.166667	0.166667
1956	1958	1948	1950	0.166667	0.166667
1956	1959	1957	1957	0.125	0.125
2074	1960	2071	2071	0.125	0.125
2074	1961	2077	2075	0.166667	0.166667
1957	1962	1956	1956	0.125	0.125
1957	1963	1966	1966	0.125	0.125
1802	1967	1801	1801	0.125	0.125
1966	1967	1801	1801	0.125	0.125
1802	1968	1807	1805	0.166667	0.166667
1966	1969	1971	1972	0.166667	0.166667
1966	1971	1957	1957	0.125	0.125
1966	1972	1969	1967	0.166667	0.166667
1984	1976	1982	1981	0.166667	0.166667
2085	1977	2082	2084	0.166667	0.166667
1984	1978	2088	2088	0.0833333	0.0833333
2085	1978	2088	2088	0.0833333	0.0833333
2088	1984	2085	2087	0.166667	0.166667
2088	1985	2089	2089	0.125	0.125
1983	1980	1812	1811	0.166667	0.166667
1984	1981	1976	1978	0.166667	0.166667
1983	1982	1985	1985	0.125	0.125
1984	1982	1985	1985	0.125	0.125
2089	1994	2088	2088	0.125	0.125
2089	1995	2090	2090	0.125	0.125
1983	1986	1812	1811	0.166667	0.166667
1994	1988	1985	1985	0.125	0.125
1983	1988	1985	1985	0.125	0.125
1994	1989	1995	1995	0.125	0.125
1819	1990	1816	1818	0.166667	0.166667
1819	1991	1827	1825	0.166667	0.166667
1995	1992	1994	1994	0.125	0.125
1995	1993	2001	2001	0.125	0.125
2003	2000	1839	1838	0.166667	0.166667
2090	2001	2089	2089	0.125	0.125
2003	2002	2091	2091	0.125	0.125
2090	2002	2091	2091	0.125	0.125
2000	1997	1832	1831	0.166667	0.166667
2001	1998	1995	1995	0.125	0.125
2000	1999	2002	2002	0.125	0.125
2001	1999	2002	2002	0.125	0.125
2003	2004	1839	1838	0.166667	0.166667
2092	2006	2091	2091	0.125	0.125
2003	2006	2091	2091	0.125	0.125
2092	2007	2098	2093	0.166667	0.166667
2008	2009	1858	1857	0.166667	0.166667
2008	2011	2013	2013	0.125	0.125
2013	2014	2008	2008	0.125	0.125
2013	2016	2093	2093	0.125	0.125
1911	2032	1910	1910	0.125	0.125
2031	2032	1910	1910	0.125	0.125
1911	2033	1914	1912	0.166667	0.166667
2031	2034	2119	2120	0.166667	0.166667
2033	2035	2032	2032	0.125	0.125
2034	2035	2032	2032	0.125	0.125
2033	2036	2039	2039	0.125	0.125
2034	2037	2129	2130	0.166667	0.166667
1915	2040	1914	1914	0.125	0.125
2039	2040	1914	1914	0.125	0.125
1915	2041	1918	1918	0.125	0.125
2039	2042	2044	2045	0.166667	0.166667
2039	2044	2033	2033	0.125	0.125
2039	2045	2042	2040	0.166667	0.166667
2060	2049	2055	2054	0.166667	0.166667
2149	2050	2146	2148	0.166667	0.166667
2060	2051	2152	2152	0.0833333	0.0833333
2149	2051	2152	2152	0.0833333	0.0833333
2152	2060	2149	2151	0.166667	0.166667
2152	2061	2153	2153	0.125	0.125
1918	2052	1915	1915	0.125	0.125
1918	2053	1919	1919	0.125	0.125
2060	2054	2049	2051	0.166667	0.166667
2060	2055	2061	2061	0.125	0.125
1919	2056	1918	1918	0.125	0.125
1919	2057	1927	1925	0.166667	0.166667
2061	2058	2060	2060	0.125	0.125
2061	2059	2067	2067	0.125	0.125
2069	2066	1942	1941	0.166667	0.166667
2153	2067	2152	2152	0.125	0.125
2069	2068	2154	2154	0.125	0.125
2153	2068	2154	2154	0.125	0.125
2066	2063	1932	1931	0.166667	0.166667
2067	2064	2061	2061	0.125	0.125
2066	2065	2068	2068	0.125	0.125
2067	2065	2068	2068	0.125	0.125
2069	2070	1942	1941	0.166667	0.166667
2155	2072	2154	2154	0.125	0.125
2069	2072	2154	2154	0.125	0.125
2155	2073	2156	2156	0.125	0.125
2156	2079	2155	2155	0.125	0.125
2156	2080	2157	2157	0.125	0.125
2074	2075	1961	1960	0.166667	0.166667
2080	2077	2079	2079	0.125	0.125
2074	2077	2079	2079	0.125	0.125
2080	2078	2086	2086	0.125	0.125
2088	2085	1985	1984	0.166667	0.166667
2157	2086	2156	2156	0.125	0.125
2088	2087	2158	2158	0.125	0.125
2157	2087	2158	2158	0.125	0.125
2085	2082	1978	1977	0.166667	0.166667
2086	2083	2080	2080	0.125	0.125
2085	2084	2087	2087	0.125	0.125
2086	2084	2087	2087	0.125	0.125
2092	2093	2007	2006	0.166667	0.166667
2092	2098	2162	2162	0.125	0.125
2093	2094	2013	2013	0.125	0.125
2093	2096	2098	2098	0.125	0.125
2098	2099	2093	2093	0.125	0.125
2164	2101	2163	2163	0.125	0.125
2098	2101	2163	2163	0.125	0.125
2164	2102	2168	2167	0.166667	0.166667
2030	2115	2029	2029	0.125	0.125
2114	2115	2029	2029	0.125	0.125
2030	2116	2031	2031	0.125	0.125
2114	2117	2182	2183	0.166667	0.166667
2031	2119	2030	2030	0.125	0.125
2031	2120	2034	2032	0.166667	0.166667
2119	2121	2116	2116	0.125	0.125
2118	2121	2116	2116	0.125	0.125
2119	2122	2120	2120	0.125	0.125
2118	2123	2196	2197	0.166667	0.166667
2120	2125	2119	2119	0.125	0.125
2120	2126	2131	2129	0.166667	0.166667
2034	2129	2031	2031	0.0833333	0.0833333
2120	2129	2031	2031	0.0833333	0.0833333
2034	2130	2037	2035	0.166667	0.166667
2120	2131	2125	2126	0.166667	0.166667
2150	2142	2148	2147	0.166667	0.166667
2150	2144	2228	2228	0.125	0.125
2152	2149	2061	2060	0.166667	0.166667
2152	2151	2232	2232	0.125	0.125
2149	2146	2051	2050	0.166667	0.166667
2150	2147	2142	2144	0.166667	0.166667
2149	2148	2151	2151	0.125	0.125
2150	2148	2151	2151	0.125	0.125
2162	2163	2092	2092	0.125	0.125
2162	2165	2242	2242	0.125	0.125
2164	2167	2102	2101	0.166667	0.166667
2164	2168	2166	2166	0.125	0.125
2166	2169	2164	2164	0.125	0.125
2166	2170	2244	2244	0.125	0.125
2113	2178	2112	2112	0.125	0.125
2177	2178	2112	2112	0.125	0.125
2113	2179	2114	2114	0.125	0.125
2177	2180	2263	2264	0.166667	0.166667
2114	2182	2113	2113	0.125	0.125
2114	2183	2117	2115	0.166667	0.166667
2182	2184	2179	2179	0.125	0.125
2181	2184	2179	2179	0.125	0.125
2182	2185	2183	2183	0.125	0.125
2181	2186	2277	2278	0.166667	0.166667
2183	2188	2182	2182	0.125	0.125
2183	2189	2194	2192	0.166667	0.166667
2293	2190	2290	2292	0.166667	0.166667
2293	2191	2296	2296	0.125	0.125
2117	2192	2114	2114	0.0833333	0.0833333
2183	2192	2114	2114	0.0833333	0.0833333
2117	2193	2118	2118	0.125	0.125
2183	2194	2188	2189	0.166667	0.166667
2118	2196	2117	2117	0.125	0.125
2118	2197	2123	2121	0.166667	0.166667
2204	2198	2201	2203	0.166667	0.166667
2204	2199	2213	2213	0.125	0.125
2204	2201	2199	2198	0.166667	0.166667
2296	2202	2293	2293	0.125	0.125
2204	2203	2297	2297	0.125	0.125
2296	2203	2297	2297	0.125	0.125
2213	2207	2204	2204	0.125	0.125
2213	2208	2214	2214	0.125	0.125
2214	2211	2213	2213	0.125	0.125
2214	2212	2225	2223	0.166667	0.166667
2228	2220	2150	2150	0.125	0.125
2227	2221	2224	2226	0.166667	0.166667
2228	2222	2230	2230	0.125	0.125
2227	2222	2230	2230	0.125	0.125
2214	2223	2212	2211	0.166667	0.166667
2227	2224	2222	2221	0.166667	0.166667
2214	2225	2301	2302	0.166667	0.166667
2227	2226	2317	2317	0.125	0.125
2232	2229	2152	2152	0.125	0.125
2320	2230	2317	2319	0.166667	0.166667
2232	2231	2321	2321	0.125	0.125
2320	2231	2321	2321	0.125	0.125
2242	2243	2162	2162	0.125	0.125
2242	2245	2331	2331	0.125	0.125
2244	2247	2166	2166	0.125	0.125
2244	2248	2246	2246	0.125	0.125
2246	2249	2244	2244	0.125	0.125
2246	2250	2333	2333	0.125	0.125
2175	2255	2174	2174	0.125	0.125
2254	2255	2174	2174	0.125	0.125
2175	2256	2176	2176	0.125	0.125
2254	2257	2371	2372	0.166667	0.166667
2176	2259	2175	2175	0.125	0.125
2176	2260	2177	2177	0.125	0.125
2177	2263	2176	2176	0.125	0.125
2177	2264	2180	2178	0.166667	0.166667
2263	2265	2260	2260	0.125	0.125
2262	2265	2260	2260	0.125	0.125
2263	2266	2264	2264	0.125	0.125
2262	2267	2398	2399	0.166667	0.166667
2264	2269	2263	2263	0.125	0.125
2264	2270	2275	2273	0.166667	0.166667
2180	2273	2177	2177	0.0833333	0.0833333
2264	2273	2177	2177	0.0833333	0.0833333
2180	2274	2181	2181	0.125	0.125
2264	2275	2269	2270	0.166667	0.166667
2181	2277	2180	2180	0.125	0.125
2181	2278	2186	2184	0.166667	0.166667
2414	2283	2409	2411	0.166667	0.166667
2414	2284	2415	2415	0.125	0.125
2294	2286	2292	2291	0.166667	0.166667
2415	2287	2414	2414	0.125	0.125
2294	2288	2418	2418	0.125	0.125
2415	2288	2418	2418	0.125	0.125
2293	2290	2191	2190	0.166667	0.166667
2294	2291	2286	2288	0.166667	0.166667
2293	2292	2295	2295	0.125	0.125
2294	2292	2295	2295	0.125	0.125
2214	2301	2213	2213	0.125	0.125
2300	2301	2213	2213	0.125	0.125
2214	2302	2225	2223	0.166667	0.166667
2300	2303	2305	2306	0.166667	0.166667
2300	2305	2297	2297	0.125	0.125
2299	2305	2297	2297	0.125	0.125
2300	2306	2303	2301	0.166667	0.166667
2299	2307	2423	2423	0.125	0.125
2318	2310	2316	2315	0.166667	0.166667
2318	2312	2442	2442	0.125	0.125
2320	2317	2231	2230	0.166667	0.166667
2320	2319	2446	2446	0.125	0.125
2317	2314	2227	2227	0.125	0.125
2318	2315	2310	2312	0.166667	0.166667
2317	2316	2319	2319	0.125	0.125
2318	2316	2319	2319	0.125	0.125
2331	2332	2242	2242	0.125	0.125
2331	2334	2457	2457	0.125	0.125
2333	2336	2246	2246	0.125	0.125
2333	2338	2335	2335	0.125	0.125
2335	2340	2333	2333	0.125	0.125
2335	2342	2459	2459	0.125	0.125
2251	2345	2252	2252	0.125	0.125
2345	2347	2344	2344	0.125	0.125
2346	2347	2344	2344	0.125	0.125
2345	2348	2351	2351	0.125	0.125
2346	2349	2472	2472	0.125	0.125
2252	2351	2251	2251	0.125	0.125
2252	2352	2253	2253	0.125	0.125
2351	2353	2345	2345	0.125	0.125
2351	2354	2352	2352	0.125	0.125
2479	2355	2474	2476	0.166667	0.166667
2479	2356	2482	2480	0.166667	0.166667
2352	2357	2351	2351	0.125	0.125
2352	2358	2361	2361	0.125	0.125
2253	2361	2252	2252	0.125	0.125
2253	2362	2254	2254	0.125	0.125
2361	2363	2352	2352	0.125	0.125
2361	2364	2362	2362	0.125	0.125
2362	2367	2361	2361	0.125	0.125
2362	2368	2371	2371	0.125	0.125
2490	2369	2487	2489	0.166667	0.166667
2490	2370	2493	2493	0.125	0.125
2254	2371	2253	2253	0.125	0.125
2254	2372	2257	2255	0.166667	0.166667
2371	2373	2362	2362	0.125	0.125
2371	2374	2372	2372	0.125	0.125
2493	2375	2490	2490	0.125	0.125
2493	2376	2496	2494	0.166667	0.166667
2372	2377	2371	2371	0.125	0.125
2372	2378	2381	2381	0.125	0.125
2258	2382	2257	2257	0.125	0.125
2381	2382	2257	2257	0.125	0.125
2258	2383	2261	2261	0.125	0.125
2381	2384	2386	2387	0.166667	0.166667
2381	2386	2372	2372	0.125	0.125
2381	2387	2384	2382	0.166667	0.166667
2402	2391	2397	2396	0.166667	0.166667
2504	2392	2501	2503	0.166667	0.166667
2402	2393	2507	2507	0.0833333	0.0833333
2504	2393	2507	2507	0.0833333	0.0833333
2507	2402	2504	2506	0.166667	0.166667
2507	2403	2508	2508	0.125	0.125
2261	2394	2258	2258	0.125	0.125
2261	2395	2262	2262	0.125	0.125
2402	2396	2391	2393	0.166667	0.166667
2402	2397	2403	2403	0.125	0.125
2262	2398	2261	2261	0.125	0.125
2262	2399	2267	2265	0.166667	0.166667
2403	2400	2402	2402	0.125	0.125
2403	2401	2412	2412	0.125	0.125
2508	2412	2507	2507	0.125	0.125
2508	2413	2511	2509	0.166667	0.166667
2412	2406	2403	2403	0.125	0.125
2412	2407	2413	2413	0.125	0.125
2414	2409	2284	2283	0.166667	0.166667
2413	2410	2412	2412	0.125	0.125
2414	2411	2416	2416	0.125	0.125
2413	2411	2416	2416	0.125	0.125
2423	2425	2422	2422	0.125	0.125
2424	2425	2422	2422	0.125	0.125
2423	2426	2431	2429	0.166667	0.166667
2424	2427	2529	2530	0.166667	0.166667
2423	2429	2299	2299	0.125	0.125
2423	2431	2425	2426	0.166667	0.166667
2442	2434	2318	2318	0.125	0.125
2441	2435	2438	2440	0.166667	0.166667
2442	2436	2444	2444	0.125	0.125
2441	2436	2444	2444	0.125	0.125
2441	2438	2436	2435	0.166667	0.166667
2542	2439	2534	2536	0.166667	0.166667
2441	2440	2543	2543	0.125	0.125
2542	2440	2543	2543	0.125	0.125
2446	2443	2320	2320	0.125	0.125
2546	2444	2543	2545	0.166667	0.166667
2446	2445	2547	2547	0.125	0.125
2546	2445	2547	2547	0.125	0.125
2457	2458	2331	2331	0.125	0.125
2559	2460	2558	2558	0.125	0.125
2457	2460	2558	2558	0.125	0.125
2559	2461	2563	2560	0.166667	0.166667
2459	2462	2335	2335	0.125	0.125
2459	2464	2461	2461	0.125	0.125
2461	2466	2459	2459	0.125	0.125
2560	2468	2559	2559	0.0833333	0.0833333
2461	2468	2559	2559	0.0833333	0.0833333
2560	2469	2562	2561	0.166667	0.166667
2567	2477	2566	2566	0.125	0.125
2567	2478	2568	2568	0.125	0.125
2472	2473	2346	2346	0.125	0.125
2479	2474	2356	2355	0.166667	0.166667
2478	2475	2477	2477	0.125	0.125
2472	2475	2477	2477	0.125	0.125
2479	2476	2484	2484	0.125	0.125
2478	2476	2484	2484	0.125	0.125
2568	2484	2567	2567	0.125	0.125
2568	2485	2571	2569	0.166667	0.166667
2479	2480	2356	2355	0.166667	0.166667
2485	2482	2484	2484	0.125	0.125
2479	2482	2484	2484	0.125	0.125
2485	2483	2491	2491	0.125	0.125
2490	2487	2370	2369	0.166667	0.166667
2491	2488	2485	2485	0.125	0.125
2490	2489	2492	2492	0.125	0.125
2491	2489	2492	2492	0.125	0.125
2493	2494	2376	2375	0.166667	0.166667
2499	2496	2498	2498	0.125	0.125
2493	2496	2498	2498	0.125	0.125
2499	2497	2505	2505	0.125	0.125
2507	2504	2403	2402	0.166667	0.166667
2507	2506	2602	2603	0.166667	0.166667
2504	2501	2393	2392	0.166667	0.166667
2505	2502	2499	2499	0.125	0.125
2504	2503	2506	2506	0.125	0.125
2505	2503	2506	2506	0.125	0.125
2508	2509	2413	2412	0.166667	0.166667
2508	2511	2612	2613	0.166667	0.166667
2510	2512	2509	2509	0.125	0.125
2511	2512	2509	2509	0.125	0.125
2510	2513	2518	2516	0.166667	0.166667
2511	2514	2622	2623	0.166667	0.166667
2420	2516	2417	2417	0.125	0.125
2510	2516	2417	2417	0.125	0.125
2420	2517	2421	2421	0.125	0.125
2520	2517	2421	2421	0.125	0.125
2510	2518	2512	2513	0.166667	0.166667
2520	2519	2525	2526	0.166667	0.166667
2635	2523	2627	2629	0.166667	0.166667
2635	2524	2636	2636	0.125	0.125
2520	2525	2517	2519	0.166667	0.166667
2520	2526	2531	2529	0.166667	0.166667
2636	2527	2635	2635	0.125	0.125
2636	2528	2639	2639	0.125	0.125
2424	2529	2421	2421	0.125	0.125
2520	2529	2421	2421	0.125	0.125
2424	2530	2427	2425	0.166667	0.166667
2520	2531	2525	2526	0.166667	0.166667
2542	2534	2440	2439	0.166667	0.166667
2541	2535	2538	2540	0.166667	0.166667
2542	2536	2544	2544	0.125	0.125
2541	2536	2544	2544	0.125	0.125
2541	2538	2536	2535	0.166667	0.166667
2639	2539	2636	2636	0.125	0.125
2541	2540	2640	2640	0.125	0.125
2639	2540	2640	2640	0.125	0.125
2546	2543	2445	2444	0.166667	0.166667
2643	2544	2640	2642	0.166667	0.166667
2546	2545	2644	2644	0.125	0.125
2643	2545	2644	2644	0.125	0.125
2559	2560	2461	2460	0.166667	0.166667
2559	2563	2693	2694	0.166667	0.166667
2560	2561	2469	2468	0.166667	0.166667
2560	2562	2563	2563	0.125	0.125
2563	2564	2560	2560	0.125	0.125
2563	2565	2703	2703	0.125	0.125
2568	2569	2485	2484	0.166667	0.166667
2718	2571	2717	2717	0.125	0.125
2568	2571	2717	2717	0.125	0.125
2718	2572	2721	2719	0.166667	0.166667
2498	2573	2492	2492	0.125	0.125
2570	2573	2492	2492	0.125	0.125
2498	2574	2499	2499	0.125	0.125
2570	2575	2572	2572	0.125	0.125
2499	2577	2498	2498	0.125	0.125
2499	2578	2505	2505	0.125	0.125
2572	2581	2570	2570	0.125	0.125
2719	2583	2718	2718	0.0833333	0.0833333
2572	2583	2718	2718	0.0833333	0.0833333
2719	2584	2720	2720	0.125	0.125
2720	2587	2719	2719	0.125	0.125
2720	2588	2723	2723	0.125	0.125
2505	2589	2499	2499	0.125	0.125
2505	2590	2506	2506	0.125	0.125
2593	2590	2506	2506	0.125	0.125
2593	2592	2598	2599	0.166667	0.166667
2723	2596	2720	2720	0.125	0.125
2723	2597	2724	2724	0.125	0.125
2593	2598	2590	2592	0.166667	0.166667
2593	2599	2602	2602	0.125	0.125
2724	2600	2723	2723	0.125	0.125
2724	2601	2729	2727	0.166667	0.166667
2507	2602	2504	2506	0.166667	0.166667
2507	2603	2508	2508	0.125	0.125
2602	2604	2593	2593	0.125	0.125
2602	2605	2603	2603	0.125	0.125
2603	2608	2602	2602	0.125	0.125
2603	2609	2612	2612	0.125	0.125
2731	2610	2728	2730	0.166667	0.166667
2731	2611	2734	2734	0.125	0.125
2508	2612	2507	2507	0.125	0.125
2508	2613	2511	2509	0.166667	0.166667
2612	2614	2603	2603	0.125	0.125
2612	2615	2613	2613	0.125	0.125
2734	2616	2731	2731	0.125	0.125
2734	2617	2735	2735	0.125	0.125
2613	2618	2612	2612	0.125	0.125
2613	2619	2624	2622	0.166667	0.166667
2735	2620	2734	2734	0.125	0.125
2735	2621	2738	2738	0.125	0.125
2511	2622	2508	2508	0.0833333	0.0833333
2613	2622	2508	2508	0.0833333	0.0833333
2511	2623	2514	2512	0.166667	0.166667
2613	2624	2618	2619	0.166667	0.166667
2635	2627	2524	2523	0.166667	0.166667
2634	2628	2631	2633	0.166667	0.166667
2635	2629	2637	2637	0.125	0.125
2634	2629	2637	2637	0.125	0.125
2634	2631	2629	2628	0.166667	0.166667
2738	2632	2735	2735	0.125	0.125
2634	2633	2739	2739	0.125	0.125
2738	2633	2739	2739	0.125	0.125
2742	2637	2739	2741	0.166667	0.166667
2742	2638	2743	2743	0.125	0.125
2643	2640	2545	2544	0.166667	0.166667
2743	2641	2742	2742	0.125	0.125
2643	2642	2744	2744	0.125	0.125
2743	2642	2744	2744	0.125	0.125
2551	2649	2550	2550	0.125	0.125
2648	2649	2550	2550	0.125	0.125
2551	2650	2552	2552	0.125	0.125
2648	2651	2752	2753	0.166667	0.166667
2552	2653	2551	2551	0.125	0.125
2552	2654	2553	2553	0.125	0.125
2553	2657	2552	2552	0.125	0.125
2553	2658	2554	2554	0.125	0.125
2554	2661	2553	2553	0.125	0.125
2554	2662	2555	2555	0.125	0.125
2555	2665	2554	2554	0.125	0.125
2555	2666	2556	2556	0.125	0.125
2665	2667	2662	2662	0.125	0.125
2664	2667	2662	2662	0.125	0.125
2665	2668	2666	2666	0.125	0.125
2664	2669	2790	2791	0.166667	0.166667
2666	2671	2665	2665	0.125	0.125
2666	2672	2675	2675	0.125	0.125
2800	2673	2797	2799	0.166667	0.166667
2800	2674	2803	2803	0.125	0.125
2556	2675	2555	2555	0.125	0.125
2556	2676	2557	2557	0.125	0.125
2675	2677	2666	2666	0.125	0.125
2675	2678	2676	2676	0.125	0.125
2803	2679	2800	2800	0.125	0.125
2803	2680	2806	2804	0.166667	0.166667
2676	2681	2675	2675	0.125	0.125
2676	2682	2685	2685	0.125	0.125
2687	2682	2685	2685	0.125	0.125
2687	2684	2810	2811	0.166667	0.166667
2557	2685	2556	2556	0.125	0.125
2557	2686	2558	2558	0.125	0.125
2558	2689	2557	2557	0.125	0.125
2558	2690	2559	2559	0.125	0.125
2559	2693	2558	2558	0.125	0.125
2559	2694	2563	2560	0.166667	0.166667
2693	2695	2690	2690	0.125	0.125
2692	2695	2690	2690	0.125	0.125
2693	2696	2694	2694	0.125	0.125
2692	2697	2824	2825	0.166667	0.166667
2694	2699	2693	2693	0.125	0.125
2694	2700	2703	2703	0.125	0.125
2834	2701	2831	2833	0.166667	0.166667
2834	2702	2837	2837	0.125	0.125
2703	2704	2563	2563	0.125	0.125
2703	2706	2708	2709	0.166667	0.166667
2703	2708	2694	2694	0.125	0.125
2703	2709	2706	2704	0.166667	0.166667
2837	2710	2834	2834	0.125	0.125
2837	2711	2840	2838	0.166667	0.166667
2718	2719	2572	2571	0.166667	0.166667
2850	2721	2849	2849	0.125	0.125
2718	2721	2849	2849	0.125	0.125
2850	2722	2851	2851	0.125	0.125
2851	2725	2850	2850	0.125	0.125
2851	2726	2852	2852	0.125	0.125
2852	2732	2851	2851	0.125	0.125
2852	2733	2853	2853	0.125	0.125
2724	2727	2601	2600	0.166667	0.166667
2731	2728	2611	2610	0.166667	0.166667
2732	2729	2726	2726	0.125	0.125
2724	2729	2726	2726	0.125	0.125
2731	2730	2733	2733	0.125	0.125
2732	2730	2733	2733	0.125	0.125
2853	2736	2852	2852	0.125	0.125
2853	2737	2854	2854	0.125	0.125
2742	2739	2638	2637	0.166667	0.166667
2854	2740	2853	2853	0.125	0.125
2742	2741	2855	2855	0.125	0.125
2854	2741	2855	2855	0.125	0.125
2647	2748	2646	2646	0.125	0.125
2747	2748	2646	2646	0.125	0.125
2647	2749	2648	2648	0.125	0.125
2747	2750	2860	2860	0.125	0.125
2648	2752	2647	2647	0.125	0.125
2648	2753	2651	2649	0.166667	0.166667
2652	2757	2651	2651	0.125	0.125
2756	2757	2651	2651	0.125	0.125
2652	2758	2655	2655	0.125	0.125
2756	2759	2761	2761	0.125	0.125
2761	2762	2756	2756	0.125	0.125
2774	2763	2769	2768	0.166667	0.166667
2761	2764	2881	2882	0.166667	0.166667
2774	2765	2891	2891	0.125	0.125
2655	2766	2652	2652	0.125	0.125
2655	2767	2656	2656	0.125	0.125
2774	2768	2763	2765	0.166667	0.166667
2774	2769	2775	2775	0.125	0.125
2656	2770	2655	2655	0.125	0.125
2656	2771	2659	2659	0.125	0.125
2775	2772	2774	2774	0.125	0.125
2775	2773	2784	2784	0.125	0.125
2895	2784	2892	2894	0.166667	0.166667
2895	2785	2896	2896	0.125	0.125
2659	2776	2656	2656	0.125	0.125
2659	2777	2660	2660	0.125	0.125
2784	2778	2775	2775	0.125	0.125
2784	2779	2785	2785	0.125	0.125
2660	2780	2659	2659	0.125	0.125
2660	2781	2663	2663	0.125	0.125
2785	2782	2784	2784	0.125	0.125
2785	2783	2794	2794	0.125	0.125
2896	2794	2895	2895	0.125	0.125
2896	2795	2897	2897	0.125	0.125
2663	2786	2660	2660	0.125	0.125
2663	2787	2664	2664	0.125	0.125
2794	2788	2785	2785	0.125	0.125
2794	2789	2795	2795	0.125	0.125
2664	2790	2663	2663	0.125	0.125
2664	2791	2669	2667	0.166667	0.166667
2795	2792	2794	2794	0.125	0.125
2795	2793	2801	2801	0.125	0.125
2897	2801	2896	2896	0.125	0.125
2897	2802	2898	2898	0.125	0.125
2800	2797	2674	2673	0.166667	0.166667
2801	2798	2795	2795	0.125	0.125
2800	2799	2802	2802	0.125	0.125
2801	2799	2802	2802	0.125	0.125
2898	2808	2897	2897	0.125	0.125
2898	2809	2899	2899	0.125	0.125
2803	2804	2680	2679	0.166667	0.166667
2809	2806	2808	2808	0.125	0.125
2803	2806	2808	2808	0.125	0.125
2809	2807	2818	2818	0.125	0.125
2899	2818	2898	2898	0.125	0.125
2899	2819	2900	2900	0.125	0.125
2687	2810	2682	2684	0.166667	0.166667
2687	2811	2688	2688	0.125	0.125
2818	2812	2809	2809	0.125	0.125
2818	2813	2819	2819	0.125	0.125
2688	2814	2687	2687	0.125	0.125
2688	2815	2691	2691	0.125	0.125
2819	2816	2818	2818	0.125	0.125
2819	2817	2828	2828	0.125	0.125
2900	2828	2899	2899	0.125	0.125
2900	2829	2901	2901	0.125	0.125
2691	2820	2688	2688	0.125	0.125
2691	2821	2692	2692	0.125	0.125
2828	2822	2819	2819	0.125	0.125
2828	2823	2829	2829	0.125	0.125
2692	2824	2691	2691	0.125	0.125
2692	2825	2697	2695	0.166667	0.166667
2829	2826	2828	2828	0.125	0.125
2829	2827	2835	2835	0.125	0.125
2901	2835	2900	2900	0.125	0.125
2901	2836	2907	2902	0.166667	0.166667
2834	2831	2702	2701	0.166667	0.166667
2835	2832	2829	2829	0.125	0.125
2834	2833	2836	2836	0.125	0.125
2835	2833	2836	2836	0.125	0.125
2837	2838	2711	2710	0.166667	0.166667
2837	2840	2842	2842	0.125	0.125
2842	2843	2837	2837	0.125	0.125
2842	2845	2902	2902	0.125	0.125
2860	2861	2747	2747	0.125	0.125
2860	2866	2927	2928	0.166667	0.166667
2751	2862	2750	2750	0.125	0.125
2861	2862	2750	2750	0.125	0.125
2751	2863	2754	2754	0.125	0.125
2861	2864	2866	2866	0.125	0.125
2866	2867	2861	2861	0.125	0.125
2879	2868	2874	2873	0.166667	0.166667
2866	2869	2937	2938	0.166667	0.166667
2879	2870	2950	2950	0.125	0.125
2754	2871	2751	2751	0.125	0.125
2754	2872	2755	2755	0.125	0.125
2879	2873	2868	2870	0.166667	0.166667
2879	2874	2880	2880	0.125	0.125
2755	2875	2754	2754	0.125	0.125
2755	2876	2761	2761	0.125	0.125
2880	2877	2879	2879	0.125	0.125
2880	2878	2889	2889	0.125	0.125
2954	2889	2951	2953	0.166667	0.166667
2954	2890	2955	2955	0.125	0.125
2761	2881	2755	2755	0.125	0.125
2761	2882	2764	2762	0.166667	0.166667
2889	2883	2880	2880	0.125	0.125
2889	2884	2890	2890	0.125	0.125
2891	2886	2774	2774	0.125	0.125
2890	2887	2889	2889	0.125	0.125
2891	2888	2893	2893	0.125	0.125
2890	2888	2893	2893	0.125	0.125
2895	2892	2785	2784	0.166667	0.166667
2955	2893	2954	2954	0.125	0.125
2895	2894	2956	2956	0.125	0.125
2955	2894	2956	2956	0.125	0.125
2901	2902	2836	2835	0.166667	0.166667
2901	2907	2962	2962	0.125	0.125
2902	2903	2842	2842	0.125	0.125
2902	2905	2907	2907	0.125	0.125
2907	2908	2902	2902	0.125	0.125
2907	2910	2963	2963	0.125	0.125
2859	2923	2858	2858	0.125	0.125
2922	2923	2858	2858	0.125	0.125
2859	2924	2860	2860	0.125	0.125
2922	2925	2982	2983	0.166667	0.166667
2860	2927	2859	2859	0.125	0.125
2860	2928	2866	2861	0.166667	0.166667
2927	2929	2924	2924	0.125	0.125
2926	2929	2924	2924	0.125	0.125
2927	2930	2928	2928	0.125	0.125
2926	2931	2990	2991	0.166667	0.166667
2928	2933	2927	2927	0.125	0.125
2928	2934	2939	2937	0.166667	0.166667
3006	2935	3003	3005	0.166667	0.166667
3006	2936	3009	3009	0.125	0.125
2866	2937	2860	2860	0.0833333	0.0833333
2928	2937	2860	2860	0.0833333	0.0833333
2866	2938	2869	2867	0.166667	0.166667
2928	2939	2933	2934	0.166667	0.166667
2950	2942	2879	2879	0.125	0.125
2949	2943	2946	2948	0.166667	0.166667
2950	2944	2952	2952	0.125	0.125
2949	2944	2952	2952	0.125	0.125
2949	2946	2944	2943	0.166667	0.166667
3009	2947	3006	3006	0.125	0.125
2949	2948	3010	3010	0.125	0.125
3009	2948	3010	3010	0.125	0.125
2954	2951	2890	2889	0.166667	0.166667
3013	2952	3010	3012	0.166667	0.166667
2954	2953	3014	3014	0.125	0.125
3013	2953	3014	3014	0.125	0.125
2962	2963	2901	2901	0.125	0.125
2962	2968	3022	3022	0.125	0.125
2963	2964	2907	2907	0.125	0.125
2963	2966	2968	2968	0.125	0.125
2968	2969	2963	2963	0.125	0.125
2968	2971	3023	3023	0.125	0.125
2922	2982	2921	2921	0.125	0.125
2981	2982	2921	2921	0.125	0.125
2922	2983	2925	2923	0.166667	0.166667
2981	2984	3041	3042	0.166667	0.166667
2983	2985	2982	2982	0.125	0.125
2984	2985	2982	2982	0.125	0.125
2983	2986	2989	2989	0.125	0.125
2984	2987	3048	3049	0.166667	0.166667
2926	2990	2925	2925	0.125	0.125
2989	2990	2925	2925	0.125	0.125
2926	2991	2931	2929	0.166667	0.166667
2989	2992	2994	2995	0.166667	0.166667
2989	2994	2983	2983	0.125	0.125
2989	2995	2992	2990	0.166667	0.166667
3061	2996	3053	3055	0.166667	0.166667
3061	2997	3062	3062	0.125	0.125
3007	2999	3005	3004	0.166667	0.166667
3062	3000	3061	3061	0.125	0.125
3007	3001	3065	3065	0.0833333	0.0833333
3062	3001	3065	3065	0.0833333	0.0833333
3065	3007	3062	3064	0.166667	0.166667
3065	3008	3066	3066	0.125	0.125
3006	3003	2936	2935	0.166667	0.166667
3007	3004	2999	3001	0.166667	0.166667
3006	3005	3008	3008	0.125	0.125
3007	3005	3008	3008	0.125	0.125
3013	3010	2953	2952	0.166667	0.166667
3066	3011	3065	3065	0.125	0.125
3013	3012	3067	3067	0.125	0.125
3066	3012	3067	3067	0.125	0.125
3022	3023	2962	2962	0.125	0.125
3022	3028	3076	3076	0.125	0.125
3023	3024	2968	2968	0.125	0.125
3029	3026	3028	3028	0.125	0.125
3023	3026	3028	3028	0.125	0.125
3029	3027	3032	3031	0.166667	0.166667
3029	3031	3027	3026	0.166667	0.166667
3029	3032	3078	3078	0.125	0.125
2981	3041	2980	2980	0.125	0.125
3040	3041	2980	2980	0.125	0.125
2981	3042	2984	2982	0.166667	0.166667
3040	3043	3099	3100	0.166667	0.166667
3042	3044	3041	3041	0.125	0.125
3043	3044	3041	3041	0.125	0.125
3042	3045	3050	3048	0.166667	0.166667
3043	3046	3109	3110	0.166667	0.166667
2984	3048	2981	2981	0.0833333	0.0833333
3042	3048	2981	2981	0.0833333	0.0833333
2984	3049	2987	2985	0.166667	0.166667
3042	3050	3044	3045	0.166667	0.166667
3061	3053	2997	2996	0.166667	0.166667
3060	3054	3057	3059	0.166667	0.166667
3061	3055	3063	3063	0.125	0.125
3060	3055	3063	3063	0.125	0.125
3060	3057	3055	3054	0.166667	0.166667
3120	3058	3114	3116	0.166667	0.166667
3060	3059	3121	3121	0.125	0.125
3120	3059	3121	3121	0.125	0.125
3065	3062	3008	3007	0.166667	0.166667
3124	3063	3121	3123	0.166667	0.166667
3065	3064	3125	3125	0.125	0.125
3124	3064	3125	3125	0.125	0.125
3076	3077	3022	3022	0.125	0.125
3137	3079	3136	3136	0.125	0.125
3076	3079	3136	3136	0.125	0.125
3137	3080	3142	3138	0.166667	0.166667
3078	3081	3029	3029	0.125	0.125
3078	3082	3080	3080	0.125	0.125
3080	3084	3078	3078	0.125	0.125
3138	3086	3137	3137	0.0833333	0.0833333
3080	3086	3137	3137	0.0833333	0.0833333
3138	3087	3140	3139	0.166667	0.166667
3039	3095	3038	3038	0.125	0.125
3094	3095	3038	3038	0.125	0.125
3039	3096	3040	3040	0.125	0.125
3094	3097	3153	3154	0.166667	0.166667
3040	3099	3039	3039	0.125	0.125
3040	3100	3043	3041	0.166667	0.166667
3099	3101	3096	3096	0.125	0.125
3098	3101	3096	3096	0.125	0.125
3099	3102	3100	3100	0.125	0.125
3098	3103	3158	3159	0.166667	0.166667
3100	3105	3099	3099	0.125	0.125
3100	3106	3111	3109	0.166667	0.166667
3166	3107	3164	3165	0.166667	0.166667
3043	3109	3040	3040	0.0833333	0.0833333
3100	3109	3040	3040	0.0833333	0.0833333
3043	3110	3046	3044	0.166667	0.166667
3100	3111	3105	3106	0.166667	0.166667
3120	3114	3059	3058	0.166667	0.166667
3120	3116	3122	3122	0.125	0.125
3119	3116	3122	3122	0.125	0.125
3124	3121	3064	3063	0.166667	0.166667
3124	3123	3172	3172	0.125	0.125
3171	3123	3172	3172	0.125	0.125
3137	3138	3080	3079	0.166667	0.166667
3138	3139	3087	3086	0.166667	0.166667
3138	3140	3142	3142	0.125	0.125
3142	3143	3138	3138	0.125	0.125
3094	3153	3093	3093	0.125	0.125
3152	3153	3093	3093	0.125	0.125
3094	3154	3097	3095	0.166667	0.166667
3152	3155	3189	3190	0.166667	0.166667
3098	3158	3097	3097	0.125	0.125
3157	3158	3097	3097	0.125	0.125
3098	3159	3103	3101	0.166667	0.166667
3157	3160	3161	3162	0.166667	0.166667
3157	3161	3154	3154	0.125	0.125
3156	3161	3154	3154	0.125	0.125
3157	3162	3160	3158	0.166667	0.166667
3166	3164	3108	3107	0.166667	0.166667
3166	3165	3170	3170	0.125	0.125
3170	3167	3166	3166	0.125	0.125
3151	3185	3150	3150	0.125	0.125
3184	3185	3150	3150	0.125	0.125
3151	3186	3152	3152	0.125	0.125
3184	3187	3222	3223	0.166667	0.166667
3152	3189	3151	3151	0.125	0.125
3152	3190	3155	3153	0.166667	0.166667
3189	3191	3186	3186	0.125	0.125
3188	3191	3186	3186	0.125	0.125
3189	3192	3190	3190	0.125	0.125
3188	3193	3233	3234	0.166667	0.166667
3190	3195	3189	3189	0.125	0.125
3249	3196	3246	3248	0.166667	0.166667
3155	3197	3152	3152	0.0833333	0.0833333
3190	3197	3152	3152	0.0833333	0.0833333
3155	3198	3156	3156	0.125	0.125
3182	3208	3181	3181	0.125	0.125
3207	3208	3181	3181	0.125	0.125
3182	3209	3183	3183	0.125	0.125
3207	3210	3256	3257	0.166667	0.166667
3183	3212	3182	3182	0.125	0.125
3183	3213	3184	3184	0.125	0.125
3212	3214	3209	3209	0.125	0.125
3211	3214	3209	3209	0.125	0.125
3212	3215	3213	3213	0.125	0.125
3211	3216	3267	3267	0.125	0.125
3213	3218	3212	3212	0.125	0.125
3213	3219	3222	3222	0.125	0.125
3279	3220	3276	3278	0.166667	0.166667
3279	3221	3285	3285	0.125	0.125
3184	3222	3183	3183	0.125	0.125
3184	3223	3187	3185	0.166667	0.166667
3222	3224	3213	3213	0.125	0.125
3222	3225	3223	3223	0.125	0.125
3285	3226	3279	3279	0.125	0.125
3285	3227	3286	3286	0.125	0.125
3223	3228	3222	3222	0.125	0.125
3223	3229	3232	3232	0.125	0.125
3286	3230	3285	3285	0.125	0.125
3286	3231	3289	3289	0.125	0.125
3188	3233	3187	3187	0.125	0.125
3232	3233	3187	3187	0.125	0.125
3188	3234	3193	3191	0.166667	0.166667
3232	3235	3237	3238	0.166667	0.166667
3232	3237	3223	3223	0.125	0.125
3232	3238	3235	3233	0.166667	0.166667
3289	3239	3286	3286	0.125	0.125
3289	3240	3290	3290	0.125	0.125
3250	3242	3248	3247	0.166667	0.166667
3290	3243	3289	3289	0.125	0.125
3250	3244	3293	3293	0.0833333	0.0833333
3290	3244	3293	3293	0.0833333	0.0833333
3293	3250	3290	3292	0.166667	0.166667
3250	3247	3242	3244	0.166667	0.166667
3249	3248	3251	3251	0.125	0.125
3250	3248	3251	3251	0.125	0.125
3206	3253	3205	3205	0.125	0.125
3252	3253	3205	3205	0.125	0.125
3206	3254	3207	3207	0.125	0.125
3294	3255	3297	3295	0.166667	0.166667
3207	3256	3206	3206	0.125	0.125
3207	3257	3210	3208	0.166667	0.166667
3256	3258	3254	3254	0.125	0.125
3255	3258	3254	3254	0.125	0.125
3256	3259	3257	3257	0.125	0.125
3295	3260	3294	3294	0.0833333	0.0833333
3255	3260	3294	3294	0.0833333	0.0833333
3295	3261	3296	3296	0.125	0.125
3257	3262	3256	3256	0.125	0.125
3257	3263	3266	3266	0.125	0.125
3296	3264	3295	3295	0.125	0.125
3296	3265	3299	3299	0.125	0.125
3266	3268	3257	3257	0.125	0.125
3266	3269	3267	3267	0.125	0.125
3299	3270	3296	3296	0.125	0.125
3267	3272	3266	3266	0.125	0.125
3267	3273	3277	3275	0.166667	0.166667
3267	3275	3211	3211	0.125	0.125
3279	3276	3221	3220	0.166667	0.166667
3267	3277	3272	3273	0.166667	0.166667
3279	3278	3284	3284	0.125	0.125
3284	3281	3279	3279	0.125	0.125
3284	3283	3302	3302	0.125	0.125
3301	3283	3302	3302	0.125	0.125
3305	3287	3302	3304	0.166667	0.166667
3305	3288	3306	3306	0.125	0.125
3293	3290	3251	3250	0.166667	0.166667
3306	3291	3305	3305	0.125	0.125
3293	3292	3307	3307	0.125	0.125
3306	3292	3307	3307	0.125	0.125
3308	3298	3309	3309	0.125	0.125
3309	3300	3308	3308	0.125	0.125
3305	3302	3288	3287	0.166667	0.166667
3310	3303	3309	3309	0.125	0.125
3305	3304	3311	3311	0.125	0.125
3310	3304	3311	3311	0.125	0.125
