1 2 4 15 
2 1 3 4 
3 2 5 6 
4 1 2 5 16 
5 3 4 7 9 16 
6 3 7 8 
7 5 6 8 9 
8 6 7 10 11 
9 5 7 10 17 
10 8 9 12 17 
11 8 12 
12 10 11 13 18 
13 12 14 18 
14 13 21 
15 1 16 31 
16 4 5 15 17 19 32 
17 9 10 16 18 19 
18 12 13 17 20 21 23 
19 16 17 20 33 
20 18 19 26 33 
21 14 18 22 23 
22 21 24 
23 18 21 24 26 
24 22 23 25 26 
25 24 27 
26 20 23 24 27 29 34 
27 25 26 28 29 
28 27 30 
29 26 27 30 35 
30 28 29 36 
31 15 32 
32 16 31 33 44 
33 19 20 32 34 39 45 
34 26 33 35 37 39 
35 29 34 36 37 
36 30 35 38 
37 34 35 38 40 
38 36 37 41 
39 33 34 40 42 46 
40 37 39 41 42 
41 38 40 43 
42 39 40 43 47 
43 41 42 
44 32 45 54 
45 33 44 46 49 55 56 
46 39 45 47 48 49 
47 42 46 48 
48 46 47 50 
49 45 46 50 51 59 60 
50 48 49 51 
51 49 50 63 
52 53 68 
53 52 54 69 
54 44 53 55 57 70 
55 45 54 56 57 
56 45 55 58 59 61 
57 54 55 58 71 
58 56 57 64 66 72 
59 49 56 60 61 
60 49 59 62 63 
61 56 59 62 64 
62 60 61 65 
63 51 60 
64 58 61 65 66 
65 62 64 67 
66 58 64 67 75 
67 65 66 76 
68 52 69 84 
69 53 68 70 85 
70 54 69 71 73 86 
71 57 70 72 73 
72 58 71 74 75 77 
73 70 71 74 87 
74 72 73 79 81 88 
75 66 72 76 77 
76 67 75 78 
77 72 75 78 79 
78 76 77 80 
79 74 77 80 81 
80 78 79 82 
81 74 79 82 91 
82 80 81 92 
83 84 97 
84 68 83 85 98 
85 69 84 86 99 
86 70 85 87 89 100 
87 73 86 88 89 
88 74 87 90 91 93 
89 86 87 90 101 
90 88 89 94 95 102 103 
91 81 88 92 93 
92 82 91 
93 88 91 94 
94 90 93 95 
95 90 94 111 
96 97 116 
97 83 96 98 117 
98 84 97 99 118 
99 85 98 100 119 
100 86 99 101 106 120 
101 89 100 102 104 106 
102 90 101 103 104 
103 90 102 105 111 
104 101 102 105 107 
105 103 104 108 112 
106 100 101 107 109 121 
107 104 106 108 109 
108 105 107 110 
109 106 107 110 122 
110 108 109 123 
111 95 103 112 
112 105 111 
113 114 133 
114 113 115 134 
115 114 116 135 
116 96 115 117 136 
117 97 116 118 137 
118 98 117 119 138 
119 99 118 120 139 
120 100 119 121 126 140 
121 106 120 122 124 126 
122 109 121 123 124 
123 110 122 125 
124 121 122 125 127 
125 123 124 128 
126 120 121 127 129 141 
127 124 126 128 129 
128 125 127 130 
129 126 127 130 142 
130 128 129 143 
131 132 149 
132 131 133 150 
133 113 132 134 151 
134 114 133 135 152 
135 115 134 136 153 
136 116 135 137 154 
137 117 136 138 155 
138 118 137 139 156 
139 119 138 140 157 
140 120 139 141 146 158 
141 126 140 142 144 146 
142 129 141 143 144 
143 130 142 145 
144 141 142 145 147 
145 143 144 
146 140 141 147 148 159 
147 144 146 148 
148 146 147 160 
149 131 150 167 
150 132 149 151 168 
151 133 150 152 169 
152 134 151 153 170 
153 135 152 154 171 
154 136 153 155 172 
155 137 154 156 173 
156 138 155 157 174 
157 139 156 158 175 
158 140 157 159 162 176 177 
159 146 158 160 161 162 
160 148 159 161 
161 159 160 163 
162 158 159 163 164 180 181 
163 161 162 164 
164 162 163 184 
165 166 190 
166 165 167 191 
167 149 166 168 192 
168 150 167 169 193 
169 151 168 170 194 
170 152 169 171 195 
171 153 170 172 196 
172 154 171 173 197 
173 155 172 174 198 
174 156 173 175 199 
175 157 174 176 178 200 
176 158 175 177 178 
177 158 176 179 180 182 
178 175 176 179 201 
179 177 178 186 188 202 
180 162 177 181 182 
181 162 180 183 184 
182 177 180 183 186 
183 181 182 185 187 
184 164 181 185 
185 183 184 
186 179 182 187 188 
187 183 186 189 
188 179 186 189 205 
189 187 188 206 
190 165 191 218 
191 166 190 192 219 
192 167 191 193 220 
193 168 192 194 221 
194 169 193 195 222 
195 170 194 196 223 
196 171 195 197 224 
197 172 196 198 225 
198 173 197 199 226 
199 174 198 200 227 
200 175 199 201 203 228 
201 178 200 202 203 
202 179 201 204 205 207 
203 200 201 204 229 
204 202 203 209 211 230 
205 188 202 206 207 
206 189 205 208 
207 202 205 208 209 
208 206 207 210 
209 204 207 210 211 
210 208 209 212 
211 204 209 212 233 
212 210 211 234 
213 214 241 
214 213 215 242 
215 214 216 243 
216 215 217 244 
217 216 218 245 
218 190 217 219 246 
219 191 218 220 247 
220 192 219 221 248 
221 193 220 222 249 
222 194 221 223 250 
223 195 222 224 251 
224 196 223 225 252 
225 197 224 226 253 
226 198 225 227 254 
227 199 226 228 255 
228 200 227 229 231 256 
229 203 228 230 231 
230 204 229 232 233 235 
231 228 229 232 257 
232 230 231 237 239 258 
233 211 230 234 235 
234 212 233 236 
235 230 233 236 237 
236 234 235 238 
237 232 235 238 239 
238 236 237 240 
239 232 237 240 261 
240 238 239 262 
241 213 242 269 
242 214 241 243 270 
243 215 242 244 271 
244 216 243 245 272 
245 217 244 246 273 
246 218 245 247 274 
247 219 246 248 275 
248 220 247 249 276 
249 221 248 250 277 
250 222 249 251 278 
251 223 250 252 279 
252 224 251 253 280 
253 225 252 254 281 
254 226 253 255 282 
255 227 254 256 283 
256 228 255 257 259 284 
257 231 256 258 259 
258 232 257 260 261 263 
259 256 257 260 285 
260 258 259 265 267 286 
261 239 258 262 263 
262 240 261 264 
263 258 261 264 265 
264 262 263 266 
265 260 263 266 267 
266 264 265 268 
267 260 265 268 289 
268 266 267 290 
269 241 270 297 298 
270 242 269 271 301 302 
271 243 270 272 305 
272 244 271 273 306 
273 245 272 274 307 
274 246 273 275 308 
275 247 274 276 309 
276 248 275 277 310 
277 249 276 278 311 
278 250 277 279 312 
279 251 278 280 313 
280 252 279 281 314 
281 253 280 282 315 
282 254 281 283 316 
283 255 282 284 317 
284 256 283 285 287 318 
285 259 284 286 287 
286 260 285 288 289 291 
287 284 285 288 319 
288 286 287 293 295 320 
289 267 286 290 291 
290 268 289 292 
291 286 289 292 293 
292 290 291 294 
293 288 291 294 295 
294 292 293 296 
295 288 293 296 323 
296 294 295 324 
297 269 298 299 
298 269 297 300 301 
299 297 300 331 332 
300 298 299 303 335 336 
301 270 298 302 303 
302 270 301 304 305 
303 300 301 304 341 342 
304 302 303 305 345 
305 271 302 304 306 351 352 
306 272 305 307 361 362 
307 273 306 308 371 372 
308 274 307 309 378 379 
309 275 308 310 382 383 
310 276 309 311 386 
311 277 310 312 387 
312 278 311 313 388 
313 279 312 314 389 
314 280 313 315 390 
315 281 314 316 391 
316 282 315 317 392 
317 283 316 318 393 394 
318 284 317 319 321 397 398 
319 287 318 320 321 
320 288 319 322 323 325 
321 318 319 322 401 
322 320 321 326 327 402 403 
323 295 320 324 325 
324 296 323 
325 320 323 326 
326 322 325 327 
327 322 326 414 
328 330 331 333 
329 330 418 
330 328 329 339 418 
331 299 328 332 333 
332 299 331 334 335 
333 328 331 334 339 
334 332 333 337 339 
335 300 332 336 337 
336 300 335 338 341 
337 334 335 338 340 
338 336 337 340 343 
339 330 333 334 340 419 
340 337 338 339 346 348 420 
341 303 336 342 343 
342 303 341 344 345 
343 338 341 344 346 
344 342 343 345 347 
345 304 342 344 350 351 
346 340 343 347 348 
347 344 346 349 350 
348 340 346 349 423 
349 347 348 350 424 
350 345 347 349 353 355 427 428 
351 305 345 352 353 354 
352 305 351 357 358 361 
353 350 351 354 355 
354 351 353 356 357 
355 350 353 356 433 
356 354 355 359 434 
357 352 354 358 359 
358 352 357 360 363 
359 356 357 360 437 
360 358 359 365 437 
361 306 352 362 363 364 
362 306 361 367 368 371 
363 358 361 364 365 
364 361 363 366 367 
365 360 363 366 440 
366 364 365 369 441 
367 362 364 368 369 
368 362 367 370 373 
369 366 367 370 444 
370 368 369 375 445 
371 307 362 372 373 374 
372 307 371 377 378 
373 368 371 374 375 
374 371 373 376 377 
375 370 373 376 450 
376 374 375 377 451 
377 372 374 376 380 454 455 
378 308 372 379 380 
379 308 378 381 382 
380 377 378 381 460 461 
381 379 380 384 464 465 
382 309 379 383 384 
383 309 382 385 386 
384 381 382 385 470 471 
385 383 384 386 474 475 
386 310 383 385 387 483 484 
387 311 386 388 487 488 
388 312 387 389 491 
389 313 388 390 492 
390 314 389 391 493 
391 315 390 392 494 495 
392 316 391 393 395 498 499 
393 317 392 394 395 
394 317 393 396 397 
395 392 393 396 508 
396 394 395 399 509 510 
397 318 394 398 399 
398 318 397 400 401 
399 396 397 400 521 522 
400 398 399 406 408 525 526 
401 321 398 402 404 406 407 
402 322 401 403 404 
403 322 402 405 414 
404 401 402 405 410 
405 403 404 411 415 
406 400 401 407 408 
407 401 406 409 410 
408 400 406 409 531 
409 407 408 412 532 
410 404 407 411 412 
411 405 410 413 416 
412 409 410 413 535 
413 411 412 417 535 
414 327 403 415 
415 405 414 416 
416 411 415 417 
417 413 416 538 
418 329 330 419 421 544 
419 339 418 420 421 
420 340 419 422 423 425 
421 418 419 422 545 
422 420 421 431 545 
423 348 420 424 425 
424 349 423 426 427 
425 420 423 426 431 
426 424 425 429 431 
427 350 424 428 429 
428 350 427 430 433 
429 426 427 430 432 
430 428 429 432 435 
431 422 425 426 432 546 
432 429 430 431 438 546 
433 355 428 434 435 
434 356 433 436 437 
435 430 433 436 438 
436 434 435 437 438 
437 359 360 434 436 439 440 442 
438 432 435 436 439 547 
439 437 438 448 547 
440 365 437 441 442 
441 366 440 443 444 
442 437 440 443 448 
443 441 442 446 448 
444 369 441 445 446 
445 370 444 447 450 
446 443 444 447 449 
447 445 446 449 452 
448 439 442 443 449 548 
449 446 447 448 458 548 
450 375 445 451 452 
451 376 450 453 454 
452 447 450 453 458 
453 451 452 456 458 
454 377 451 455 456 
455 377 454 457 460 
456 453 454 457 459 
457 455 456 459 462 
458 449 452 453 459 549 
459 456 457 458 468 549 
460 380 455 461 462 
461 380 460 463 464 
462 457 460 463 468 
463 461 462 466 468 
464 381 461 465 466 
465 381 464 467 470 
466 463 464 467 469 
467 465 466 469 472 
468 459 462 463 469 550 
469 466 467 468 478 550 
470 384 465 471 472 
471 384 470 473 474 
472 467 470 473 478 
473 471 472 476 478 
474 385 471 475 476 
475 385 474 477 483 
476 473 474 477 479 
477 475 476 480 483 
478 469 472 473 479 481 551 
479 476 478 480 481 
480 477 479 482 485 
481 478 479 482 552 
482 480 481 485 553 
483 386 475 477 484 485 
484 386 483 486 487 
485 480 482 483 486 558 559 
486 484 485 489 562 563 
487 387 484 488 489 
488 387 487 490 491 
489 486 487 490 568 569 
490 488 489 491 572 
491 388 488 490 492 581 582 
492 389 491 493 585 586 
493 390 492 494 496 589 590 
494 391 493 495 496 
495 391 494 497 498 
496 493 494 497 599 600 
497 495 496 500 502 603 604 
498 392 495 499 500 501 
499 392 498 504 505 508 
500 497 498 501 502 
501 498 500 503 504 
502 497 500 503 612 
503 501 502 506 613 
504 499 501 505 506 
505 499 504 507 513 
506 503 504 507 616 
507 505 506 515 616 
508 395 499 509 511 513 514 
509 396 508 510 511 
510 396 509 512 521 
511 508 509 512 517 
512 510 511 518 523 
513 505 508 514 515 
514 508 513 516 517 
515 507 513 516 619 
516 514 515 519 619 
517 511 514 518 519 
518 512 517 520 529 
519 516 517 520 620 
520 518 519 529 620 
521 399 510 522 523 
522 399 521 524 525 
523 512 521 524 529 
524 522 523 527 529 
525 400 522 526 527 
526 400 525 528 531 
527 524 525 528 530 
528 526 527 530 533 
529 518 520 523 524 530 623 
530 527 528 529 536 623 
531 408 526 532 533 
532 409 531 534 535 
533 528 531 534 536 
534 532 533 535 536 
535 412 413 532 534 537 538 539 
536 530 533 534 537 624 
537 535 536 540 541 625 
538 417 535 539 
539 535 538 540 
540 537 539 541 
541 537 540 628 
542 543 634 
543 542 544 635 
544 418 543 545 636 
545 421 422 544 546 637 
546 431 432 545 547 638 
547 438 439 546 548 639 
548 448 449 547 549 640 
549 458 459 548 550 641 
550 468 469 549 551 556 642 
551 478 550 552 554 556 
552 481 551 553 554 
553 482 552 555 558 
554 551 552 555 557 
555 553 554 557 560 
556 550 551 557 643 
557 554 555 556 566 643 
558 485 553 559 560 
559 485 558 561 562 
560 555 558 561 566 
561 559 560 564 566 
562 486 559 563 564 
563 486 562 565 568 
564 561 562 565 567 
565 563 564 567 570 
566 557 560 561 567 644 
567 564 565 566 573 575 644 
568 489 563 569 570 
569 489 568 571 572 
570 565 568 571 573 
571 569 570 572 574 
572 490 569 571 577 578 581 
573 567 570 574 575 
574 571 573 576 577 
575 567 573 576 645 
576 574 575 579 645 
577 572 574 578 579 
578 572 577 580 583 
579 576 577 580 646 
580 578 579 583 647 
581 491 572 582 583 
582 491 581 584 585 
583 578 580 581 584 652 653 
584 582 583 587 656 657 
585 492 582 586 587 
586 492 585 588 589 
587 584 585 588 662 663 
588 586 587 591 593 666 667 
589 493 586 590 591 592 
590 493 589 595 596 599 601 
591 588 589 592 593 
592 589 591 594 595 
593 588 591 594 672 
594 592 593 597 673 
595 590 592 596 597 
596 590 595 598 607 
597 594 595 598 676 
598 596 597 609 676 
599 496 590 600 601 
600 496 599 602 603 
601 590 599 602 607 
602 600 601 605 608 
603 497 600 604 605 
604 497 603 606 612 
605 602 603 606 611 
606 604 605 611 614 
607 596 601 608 609 
608 602 607 610 611 
609 598 607 610 679 
610 608 609 611 679 
611 605 606 608 610 617 680 
612 502 604 613 614 
613 503 612 615 616 
614 606 612 615 617 
615 613 614 616 617 
616 506 507 613 615 618 619 
617 611 614 615 618 683 
618 616 617 621 683 
619 515 516 616 620 621 
620 519 520 619 622 623 
621 618 619 622 684 
622 620 621 623 684 
623 529 530 620 622 624 626 685 
624 536 623 625 626 
625 537 624 627 628 629 
626 623 624 627 686 
627 625 626 630 631 687 
628 541 625 629 
629 625 628 630 
630 627 629 631 
631 627 630 690 
632 633 
633 632 634 694 
634 542 633 635 695 
635 543 634 636 696 
636 544 635 637 697 
637 545 636 638 698 
638 546 637 639 699 
639 547 638 640 700 
640 548 639 641 701 
641 549 640 642 702 
642 550 641 643 703 
643 556 557 642 644 704 
644 566 567 643 645 650 705 
645 575 576 644 646 648 650 
646 579 645 647 648 
647 580 646 649 652 
648 645 646 649 651 
649 647 648 651 654 
650 644 645 651 706 
651 648 649 650 660 706 
652 583 647 653 654 
653 583 652 655 656 
654 649 652 655 660 
655 653 654 658 660 
656 584 653 657 658 
657 584 656 659 662 
658 655 656 659 661 
659 657 658 661 664 
660 651 654 655 661 707 
661 658 659 660 670 707 
662 587 657 663 664 
663 587 662 665 666 
664 659 662 665 670 
665 663 664 668 670 
666 588 663 667 668 
667 588 666 669 672 
668 665 666 669 671 
669 667 668 671 674 
670 661 664 665 671 708 
671 668 669 670 677 708 
672 593 667 673 674 
673 594 672 675 676 
674 669 672 675 677 
675 673 674 676 677 
676 597 598 673 675 678 679 
677 671 674 675 678 709 
678 676 677 681 709 
679 609 610 676 680 681 
680 611 679 682 683 
681 678 679 682 710 
682 680 681 683 710 
683 617 618 680 682 684 711 
684 621 622 683 685 712 
685 623 684 686 688 713 
686 626 685 687 688 
687 627 686 689 690 691 
688 685 686 689 714 
689 687 688 692 693 715 
690 631 687 691 
691 687 690 692 
692 689 691 693 
693 689 692 718 
694 633 695 725 
695 634 694 696 726 
696 635 695 697 727 
697 636 696 698 728 
698 637 697 699 729 
699 638 698 700 730 
700 639 699 701 731 
701 640 700 702 732 
702 641 701 703 733 
703 642 702 704 734 
704 643 703 705 735 
705 644 704 706 736 
706 650 651 705 707 737 
707 660 661 706 708 738 
708 670 671 707 709 739 
709 677 678 708 710 740 
710 681 682 709 711 741 
711 683 710 712 742 
712 684 711 713 743 
713 685 712 714 716 744 
714 688 713 715 716 
715 689 714 717 718 719 
716 713 714 717 745 
717 715 716 720 721 746 
718 693 715 719 
719 715 718 720 
720 717 719 721 
721 717 720 749 
722 723 755 
723 722 724 756 
724 723 725 757 
725 694 724 726 758 
726 695 725 727 759 
727 696 726 728 760 
728 697 727 729 761 
729 698 728 730 762 
730 699 729 731 763 
731 700 730 732 764 
732 701 731 733 765 
733 702 732 734 766 
734 703 733 735 767 
735 704 734 736 768 
736 705 735 737 769 
737 706 736 738 770 771 
738 707 737 739 774 775 
739 708 738 740 778 
740 709 739 741 779 
741 710 740 742 780 
742 711 741 743 781 
743 712 742 744 782 783 
744 713 743 745 747 786 787 
745 716 744 746 747 
746 717 745 748 749 750 
747 744 745 748 790 
748 746 747 751 752 791 
749 721 746 750 
750 746 749 751 
751 748 750 752 
752 748 751 794 
753 754 806 
754 753 755 807 
755 722 754 756 808 
756 723 755 757 809 
757 724 756 758 810 
758 725 757 759 811 
759 726 758 760 812 
760 727 759 761 813 
761 728 760 762 814 
762 729 761 763 815 
763 730 762 764 816 
764 731 763 765 817 
765 732 764 766 818 
766 733 765 767 819 
767 734 766 768 820 821 
768 735 767 769 824 825 
769 736 768 770 772 828 829 
770 737 769 771 772 
771 737 770 773 774 
772 769 770 773 838 
773 771 772 776 839 840 
774 738 771 775 776 
775 738 774 777 778 
776 773 774 777 851 852 
777 775 776 778 855 856 
778 739 775 777 779 864 865 
779 740 778 780 874 875 
780 741 779 781 884 885 
781 742 780 782 784 894 895 
782 743 781 783 784 
783 743 782 785 786 
784 781 782 785 904 
785 783 784 788 905 906 
786 744 783 787 788 
787 744 786 789 790 
788 785 786 789 917 918 
789 787 788 792 921 
790 747 787 791 792 
791 748 790 793 794 796 
792 789 790 793 930 
793 791 792 798 800 931 
794 752 791 795 796 
795 794 797 
796 791 794 797 798 
797 795 796 799 
798 793 796 799 800 
799 797 798 801 
800 793 798 801 937 
801 799 800 938 
802 803 949 950 
803 802 804 956 957 
804 803 805 960 961 
805 804 806 964 
806 753 805 807 965 
807 754 806 808 966 
808 755 807 809 967 
809 756 808 810 968 
810 757 809 811 969 
811 758 810 812 970 
812 759 811 813 971 
813 760 812 814 972 
814 761 813 815 973 
815 762 814 816 974 
816 763 815 817 975 976 
817 764 816 818 979 980 
818 765 817 819 983 984 
819 766 818 820 822 987 988 
820 767 819 821 822 
821 767 820 823 824 
822 819 820 823 997 
823 821 822 826 998 999 
824 768 821 825 826 
825 768 824 827 828 
826 823 824 827 1010 1011 
827 825 826 830 832 1014 1015 
828 769 825 829 830 831 
829 769 828 834 835 838 
830 827 828 831 832 
831 828 830 833 834 
832 827 830 833 1020 
833 831 832 836 1021 
834 829 831 835 836 
835 829 834 837 843 
836 833 834 837 1024 
837 835 836 845 1024 
838 772 829 839 841 843 844 
839 773 838 840 841 
840 773 839 842 851 
841 838 839 842 847 
842 840 841 848 853 
843 835 838 844 845 
844 838 843 846 847 
845 837 843 846 1027 
846 844 845 849 1027 
847 841 844 848 849 
848 842 847 850 859 
849 846 847 850 1028 
850 848 849 859 1028 
851 776 840 852 853 
852 776 851 854 855 
853 842 851 854 859 
854 852 853 857 859 
855 777 852 856 857 
856 777 855 858 864 
857 854 855 858 860 
858 856 857 861 864 
859 848 850 853 854 860 862 1031 
860 857 859 861 862 
861 858 860 863 866 
862 859 860 863 1032 
863 861 862 868 1032 
864 778 856 858 865 866 867 
865 778 864 870 871 874 
866 861 864 867 868 
867 864 866 869 870 
868 863 866 869 1035 
869 867 868 872 1035 
870 865 867 871 872 
871 865 870 873 876 
872 869 870 873 1036 
873 871 872 878 1036 
874 779 865 875 876 877 
875 779 874 880 881 884 
876 871 874 877 878 
877 874 876 879 880 
878 873 876 879 1039 
879 877 878 882 1039 
880 875 877 881 882 
881 875 880 883 886 
882 879 880 883 1040 
883 881 882 888 1040 
884 780 875 885 886 887 
885 780 884 890 891 894 
886 881 884 887 888 
887 884 886 889 890 
888 883 886 889 1043 
889 887 888 892 1043 
890 885 887 891 892 
891 885 890 893 896 
892 889 890 893 1044 
893 891 892 898 1044 
894 781 885 895 896 897 
895 781 894 900 901 904 
896 891 894 897 898 
897 894 896 899 900 
898 893 896 899 1047 
899 897 898 902 1047 
900 895 897 901 902 
901 895 900 903 909 
902 899 900 903 1048 
903 901 902 911 1049 
904 784 895 905 907 909 910 
905 785 904 906 907 
906 785 905 908 917 
907 904 905 908 913 
908 906 907 914 919 
909 901 904 910 911 
910 904 909 912 913 
911 903 909 912 1054 
912 910 911 915 1055 
913 907 910 914 915 
914 908 913 916 922 
915 912 913 916 1058 
916 914 915 924 1058 
917 788 906 918 919 
918 788 917 920 921 
919 908 917 920 922 
920 918 919 921 923 
921 789 918 920 926 927 930 
922 914 919 923 924 
923 920 922 925 926 
924 916 922 925 1061 
925 923 924 928 1061 
926 921 923 927 928 
927 921 926 929 932 
928 925 926 929 1062 
929 927 928 932 1063 
930 792 921 931 932 
931 793 930 933 934 937 939 
932 927 929 930 933 935 1068 1069 
933 931 932 934 935 
934 931 933 936 941 
935 932 933 936 1072 
936 934 935 943 1073 
937 800 931 938 939 
938 801 937 940 
939 931 937 940 941 
940 938 939 942 
941 934 939 942 943 
942 940 941 944 
943 936 941 944 1078 
944 942 943 
945 947 1088 1089 
946 948 949 
947 945 948 1098 1099 
948 946 947 951 953 1102 1103 
949 802 946 950 951 952 
950 802 949 955 956 
951 948 949 952 953 
952 949 951 954 955 
953 948 951 954 1111 
954 952 953 955 1112 
955 950 952 954 958 1115 1116 
956 803 950 957 958 
957 803 956 959 960 
958 955 956 959 1121 1122 
959 957 958 962 1125 1126 
960 804 957 961 962 
961 804 960 963 964 
962 959 960 963 1134 1135 
963 961 962 964 1138 
964 805 961 963 965 1147 1148 
965 806 964 966 1157 1158 
966 807 965 967 1161 1162 
967 808 966 968 1165 
968 809 967 969 1166 
969 810 968 970 1167 
970 811 969 971 1168 
971 812 970 972 1169 
972 813 971 973 1170 1171 
973 814 972 974 1174 1175 
974 815 973 975 977 1178 1179 
975 816 974 976 977 
976 816 975 978 979 
977 974 975 978 1188 
978 976 977 981 1189 1190 
979 817 976 980 981 
980 817 979 982 983 
981 978 979 982 1201 1202 
982 980 981 985 1205 1206 
983 818 980 984 985 
984 818 983 986 987 
985 982 983 986 1211 1212 
986 984 985 989 991 1215 1216 
987 819 984 988 989 990 
988 819 987 993 994 997 
989 986 987 990 991 
990 987 989 992 993 
991 986 989 992 1221 
992 990 991 995 1222 
993 988 990 994 995 
994 988 993 996 1002 
995 992 993 996 1225 
996 994 995 1004 1225 
997 822 988 998 1000 1002 1003 
998 823 997 999 1000 
999 823 998 1001 1010 
1000 997 998 1001 1006 
1001 999 1000 1007 1012 
1002 994 997 1003 1004 
1003 997 1002 1005 1006 
1004 996 1002 1005 1228 
1005 1003 1004 1008 1228 
1006 1000 1003 1007 1008 
1007 1001 1006 1009 1018 
1008 1005 1006 1009 1229 
1009 1007 1008 1018 1229 
1010 826 999 1011 1012 
1011 826 1010 1013 1014 
1012 1001 1010 1013 1018 
1013 1011 1012 1016 1018 
1014 827 1011 1015 1016 
1015 827 1014 1017 1020 
1016 1013 1014 1017 1019 
1017 1015 1016 1019 1022 
1018 1007 1009 1012 1013 1019 1232 
1019 1016 1017 1018 1025 1232 
1020 832 1015 1021 1022 
1021 833 1020 1023 1024 
1022 1017 1020 1023 1025 
1023 1021 1022 1024 1025 
1024 836 837 1021 1023 1026 1027 
1025 1019 1022 1023 1026 1233 
1026 1024 1025 1029 1233 
1027 845 846 1024 1028 1029 
1028 849 850 1027 1030 1031 
1029 1026 1027 1030 1234 
1030 1028 1029 1033 1234 
1031 859 1028 1032 1033 
1032 862 863 1031 1034 1035 
1033 1030 1031 1034 1235 
1034 1032 1033 1037 1235 
1035 868 869 1032 1036 1037 
1036 872 873 1035 1038 1039 
1037 1034 1035 1038 1236 
1038 1036 1037 1041 1236 
1039 878 879 1036 1040 1041 
1040 882 883 1039 1042 1043 
1041 1038 1039 1042 1237 
1042 1040 1041 1045 1237 
1043 888 889 1040 1044 1045 
1044 892 893 1043 1046 1047 
1045 1042 1043 1046 1238 
1046 1044 1045 1052 1238 
1047 898 899 1044 1048 1050 1052 
1048 902 1047 1049 1050 
1049 903 1048 1051 1054 
1050 1047 1048 1051 1053 
1051 1049 1050 1053 1056 
1052 1046 1047 1053 1239 
1053 1050 1051 1052 1059 1239 
1054 911 1049 1055 1056 
1055 912 1054 1057 1058 
1056 1051 1054 1057 1059 
1057 1055 1056 1058 1059 
1058 915 916 1055 1057 1060 1061 
1059 1053 1056 1057 1060 1240 
1060 1058 1059 1066 1240 
1061 924 925 1058 1062 1064 1066 
1062 928 1061 1063 1064 
1063 929 1062 1065 1068 
1064 1061 1062 1065 1067 
1065 1063 1064 1067 1070 
1066 1060 1061 1067 1241 
1067 1064 1065 1066 1076 1241 
1068 932 1063 1069 1070 
1069 932 1068 1071 1072 
1070 1065 1068 1071 1076 
1071 1069 1070 1074 1076 
1072 935 1069 1073 1074 
1073 936 1072 1075 1078 
1074 1071 1072 1075 1077 
1075 1073 1074 1077 1079 
1076 1067 1070 1071 1077 1242 
1077 1074 1075 1076 1080 1081 1243 
1078 943 1073 1079 
1079 1075 1078 1080 
1080 1077 1079 1081 
1081 1077 1080 1246 
1082 1083 1252 1253 
1083 1082 1084 1086 1261 1262 
1084 1083 1085 1086 
1085 1084 1087 1090 
1086 1083 1084 1087 1265 
1087 1085 1086 1092 1266 
1088 945 1089 1090 1091 
1089 945 1088 1094 1095 1098 1100 
1090 1085 1088 1091 1092 
1091 1088 1090 1093 1094 
1092 1087 1090 1093 1271 
1093 1091 1092 1096 1271 
1094 1089 1091 1095 1096 
1095 1089 1094 1097 1106 
1096 1093 1094 1097 1272 
1097 1095 1096 1108 1272 
1098 947 1089 1099 1100 
1099 947 1098 1101 1102 
1100 1089 1098 1101 1106 
1101 1099 1100 1104 1107 
1102 948 1099 1103 1104 
1103 948 1102 1105 1111 
1104 1101 1102 1105 1110 
1105 1103 1104 1110 1113 
1106 1095 1100 1107 1108 
1107 1101 1106 1109 1110 
1108 1097 1106 1109 1275 
1109 1107 1108 1110 1275 
1110 1104 1105 1107 1109 1119 1276 
1111 953 1103 1112 1113 
1112 954 1111 1114 1115 
1113 1105 1111 1114 1119 
1114 1112 1113 1117 1119 
1115 955 1112 1116 1117 
1116 955 1115 1118 1121 
1117 1114 1115 1118 1120 
1118 1116 1117 1120 1123 
1119 1110 1113 1114 1120 1279 
1120 1117 1118 1119 1129 1280 
1121 958 1116 1122 1123 
1122 958 1121 1124 1125 
1123 1118 1121 1124 1129 
1124 1122 1123 1127 1129 
1125 959 1122 1126 1127 
1126 959 1125 1128 1134 
1127 1124 1125 1128 1130 
1128 1126 1127 1131 1136 
1129 1120 1123 1124 1130 1132 1283 
1130 1127 1129 1131 1132 
1131 1128 1130 1133 1139 
1132 1129 1130 1133 1284 
1133 1131 1132 1141 1284 
1134 962 1126 1135 1136 
1135 962 1134 1137 1138 
1136 1128 1134 1137 1139 
1137 1135 1136 1138 1140 
1138 963 1135 1137 1143 1144 1147 
1139 1131 1136 1140 1141 
1140 1137 1139 1142 1143 
1141 1133 1139 1142 1293 
1142 1140 1141 1145 1294 
1143 1138 1140 1144 1145 
1144 1138 1143 1146 1149 
1145 1142 1143 1146 1297 
1146 1144 1145 1151 1298 
1147 964 1138 1148 1149 1150 
1148 964 1147 1153 1154 1157 
1149 1144 1147 1150 1151 
1150 1147 1149 1152 1153 
1151 1146 1149 1152 1306 
1152 1150 1151 1155 1306 
1153 1148 1150 1154 1155 
1154 1148 1153 1156 1159 
1155 1152 1153 1156 1307 
1156 1154 1155 1159 1308 
1157 965 1148 1158 1159 
1158 965 1157 1160 1161 
1159 1154 1156 1157 1160 1313 1314 
1160 1158 1159 1163 1317 1318 
1161 966 1158 1162 1163 
1162 966 1161 1164 1165 
1163 1160 1161 1164 1323 1324 
1164 1162 1163 1165 1327 
1165 967 1162 1164 1166 1336 1337 
1166 968 1165 1167 1346 1347 
1167 969 1166 1168 1356 1357 
1168 970 1167 1169 1363 1364 
1169 971 1168 1170 1172 1373 1374 
1170 972 1169 1171 1172 
1171 972 1170 1173 1174 
1172 1169 1170 1173 1383 1384 
1173 1171 1172 1176 1387 1388 
1174 973 1171 1175 1176 
1175 973 1174 1177 1178 
1176 1173 1174 1177 1396 1397 
1177 1175 1176 1180 1182 1400 1401 
1178 974 1175 1179 1180 1181 
1179 974 1178 1184 1185 1188 
1180 1177 1178 1181 1182 
1181 1178 1180 1183 1184 
1182 1177 1180 1183 1406 
1183 1181 1182 1186 1407 
1184 1179 1181 1185 1186 
1185 1179 1184 1187 1193 
1186 1183 1184 1187 1410 
1187 1185 1186 1195 1410 
1188 977 1179 1189 1191 1193 1194 
1189 978 1188 1190 1191 
1190 978 1189 1192 1201 
1191 1188 1189 1192 1197 
1192 1190 1191 1198 1203 
1193 1185 1188 1194 1195 
1194 1188 1193 1196 1197 
1195 1187 1193 1196 1413 
1196 1194 1195 1199 1413 
1197 1191 1194 1198 1199 
1198 1192 1197 1200 1209 
1199 1196 1197 1200 1414 
1200 1198 1199 1209 1414 
1201 981 1190 1202 1203 
1202 981 1201 1204 1205 
1203 1192 1201 1204 1209 
1204 1202 1203 1207 1209 
1205 982 1202 1206 1207 
1206 982 1205 1208 1211 
1207 1204 1205 1208 1210 
1208 1206 1207 1210 1213 
1209 1198 1200 1203 1204 1210 1417 
1210 1207 1208 1209 1219 1417 
1211 985 1206 1212 1213 
1212 985 1211 1214 1215 
1213 1208 1211 1214 1219 
1214 1212 1213 1217 1219 
1215 986 1212 1216 1217 
1216 986 1215 1218 1221 
1217 1214 1215 1218 1220 
1218 1216 1217 1220 1223 
1219 1210 1213 1214 1220 1418 
1220 1217 1218 1219 1226 1418 
1221 991 1216 1222 1223 
1222 992 1221 1224 1225 
1223 1218 1221 1224 1226 
1224 1222 1223 1225 1226 
1225 995 996 1222 1224 1227 1228 
1226 1220 1223 1224 1227 1419 
1227 1225 1226 1230 1419 
1228 1004 1005 1225 1229 1230 
1229 1008 1009 1228 1231 1232 
1230 1227 1228 1231 1420 
1231 1229 1230 1232 1420 
1232 1018 1019 1229 1231 1233 1421 
1233 1025 1026 1232 1234 1422 
1234 1029 1030 1233 1235 1423 
1235 1033 1034 1234 1236 1424 
1236 1037 1038 1235 1237 1425 
1237 1041 1042 1236 1238 1426 
1238 1045 1046 1237 1239 1427 
1239 1052 1053 1238 1240 1428 
1240 1059 1060 1239 1241 1429 
1241 1066 1067 1240 1242 1244 1430 
1242 1076 1241 1243 1244 
1243 1077 1242 1245 1246 1247 
1244 1241 1242 1245 1431 
1245 1243 1244 1248 1249 1432 
1246 1081 1243 1247 
1247 1243 1246 1248 
1248 1245 1247 1249 
1249 1245 1248 1438 
1250 1251 1256 1446 1447 
1251 1250 1252 1254 1256 
1252 1082 1251 1253 1254 
1253 1082 1252 1255 1261 
1254 1251 1252 1255 1257 
1255 1253 1254 1258 1263 
1256 1250 1251 1257 1259 1456 1457 
1257 1254 1256 1258 1259 
1258 1255 1257 1260 1269 
1259 1256 1257 1260 1460 
1260 1258 1259 1269 1461 
1261 1083 1253 1262 1263 
1262 1083 1261 1264 1265 
1263 1255 1261 1264 1269 
1264 1262 1263 1267 1269 
1265 1086 1262 1266 1267 
1266 1087 1265 1268 1271 
1267 1264 1265 1268 1270 
1268 1266 1267 1270 1271 
1269 1258 1260 1263 1264 1270 1469 
1270 1267 1268 1269 1273 1470 
1271 1092 1093 1266 1268 1272 1273 
1272 1096 1097 1271 1274 1275 
1273 1270 1271 1274 1476 1477 
1274 1272 1273 1277 1480 1481 
1275 1108 1109 1272 1276 1277 
1276 1110 1275 1278 1279 
1277 1274 1275 1278 1489 1490 
1278 1276 1277 1281 1493 1494 
1279 1119 1276 1280 1281 
1280 1120 1279 1282 1283 
1281 1278 1279 1282 1499 1500 
1282 1280 1281 1285 1287 1503 1504 
1283 1129 1280 1284 1285 1286 
1284 1132 1133 1283 1289 1290 1293 1295 
1285 1282 1283 1286 1287 
1286 1283 1285 1288 1289 
1287 1282 1285 1288 1509 
1288 1286 1287 1291 1510 
1289 1284 1286 1290 1291 
1290 1284 1289 1292 1301 
1291 1288 1289 1292 1513 
1292 1290 1291 1303 1513 
1293 1141 1284 1294 1295 
1294 1142 1293 1296 1297 
1295 1284 1293 1296 1301 
1296 1294 1295 1299 1302 
1297 1145 1294 1298 1299 
1298 1146 1297 1300 1306 
1299 1296 1297 1300 1305 
1300 1298 1299 1305 1306 
1301 1290 1295 1302 1303 
1302 1296 1301 1304 1305 
1303 1292 1301 1304 1516 
1304 1302 1303 1305 1516 
1305 1299 1300 1302 1304 1311 1517 
1306 1151 1152 1298 1300 1307 1309 1311 
1307 1155 1306 1308 1309 
1308 1156 1307 1310 1313 
1309 1306 1307 1310 1312 
1310 1308 1309 1312 1315 
1311 1305 1306 1312 1520 
1312 1309 1310 1311 1321 1520 
1313 1159 1308 1314 1315 
1314 1159 1313 1316 1317 
1315 1310 1313 1316 1321 
1316 1314 1315 1319 1321 
1317 1160 1314 1318 1319 
1318 1160 1317 1320 1323 
1319 1316 1317 1320 1322 
1320 1318 1319 1322 1325 
1321 1312 1315 1316 1322 1521 
1322 1319 1320 1321 1328 1330 1521 
1323 1163 1318 1324 1325 
1324 1163 1323 1326 1327 
1325 1320 1323 1326 1328 
1326 1324 1325 1327 1329 
1327 1164 1324 1326 1332 1333 1336 
1328 1322 1325 1329 1330 
1329 1326 1328 1331 1332 
1330 1322 1328 1331 1522 
1331 1329 1330 1334 1522 
1332 1327 1329 1333 1334 
1333 1327 1332 1335 1338 
1334 1331 1332 1335 1523 
1335 1333 1334 1340 1523 
1336 1165 1327 1337 1338 1339 
1337 1165 1336 1342 1343 1346 
1338 1333 1336 1339 1340 
1339 1336 1338 1341 1342 
1340 1335 1338 1341 1526 
1341 1339 1340 1344 1526 
1342 1337 1339 1343 1344 
1343 1337 1342 1345 1348 
1344 1341 1342 1345 1527 
1345 1343 1344 1350 1527 
1346 1166 1337 1347 1348 1349 
1347 1166 1346 1352 1353 1356 
1348 1343 1346 1349 1350 
1349 1346 1348 1351 1352 
1350 1345 1348 1351 1530 
1351 1349 1350 1354 1530 
1352 1347 1349 1353 1354 
1353 1347 1352 1355 1358 
1354 1351 1352 1355 1531 
1355 1353 1354 1360 1531 
1356 1167 1347 1357 1358 1359 
1357 1167 1356 1362 1363 
1358 1353 1356 1359 1360 
1359 1356 1358 1361 1362 
1360 1355 1358 1361 1534 
1361 1359 1360 1362 1535 
1362 1357 1359 1361 1365 1367 1538 1539 
1363 1168 1357 1364 1365 1366 
1364 1168 1363 1369 1370 1373 
1365 1362 1363 1366 1367 
1366 1363 1365 1368 1369 
1367 1362 1365 1368 1544 
1368 1366 1367 1371 1545 
1369 1364 1366 1370 1371 
1370 1364 1369 1372 1375 
1371 1368 1369 1372 1548 
1372 1370 1371 1377 1548 
1373 1169 1364 1374 1375 1376 
1374 1169 1373 1379 1380 1383 1385 
1375 1370 1373 1376 1377 
1376 1373 1375 1378 1379 
1377 1372 1375 1378 1551 
1378 1376 1377 1381 1551 
1379 1374 1376 1380 1381 
1380 1374 1379 1382 1391 
1381 1378 1379 1382 1552 
1382 1380 1381 1393 1552 
1383 1172 1374 1384 1385 
1384 1172 1383 1386 1387 
1385 1374 1383 1386 1391 
1386 1384 1385 1389 1392 
1387 1173 1384 1388 1389 
1388 1173 1387 1390 1396 
1389 1386 1387 1390 1395 
1390 1388 1389 1395 1398 
1391 1380 1385 1392 1393 
1392 1386 1391 1394 1395 
1393 1382 1391 1394 1555 
1394 1392 1393 1395 1555 
1395 1389 1390 1392 1394 1404 1556 
1396 1176 1388 1397 1398 
1397 1176 1396 1399 1400 
1398 1390 1396 1399 1404 
1399 1397 1398 1402 1404 
1400 1177 1397 1401 1402 
1401 1177 1400 1403 1406 
1402 1399 1400 1403 1405 
1403 1401 1402 1405 1408 
1404 1395 1398 1399 1405 1559 
1405 1402 1403 1404 1411 1559 
1406 1182 1401 1407 1408 
1407 1183 1406 1409 1410 
1408 1403 1406 1409 1411 
1409 1407 1408 1410 1411 
1410 1186 1187 1407 1409 1412 1413 
1411 1405 1408 1409 1412 1560 
1412 1410 1411 1415 1560 
1413 1195 1196 1410 1414 1415 
1414 1199 1200 1413 1416 1417 
1415 1412 1413 1416 1561 
1416 1414 1415 1417 1561 
1417 1209 1210 1414 1416 1418 1562 
1418 1219 1220 1417 1419 1563 
1419 1226 1227 1418 1420 1564 
1420 1230 1231 1419 1421 1565 
1421 1232 1420 1422 1566 
1422 1233 1421 1423 1567 
1423 1234 1422 1424 1568 
1424 1235 1423 1425 1569 
1425 1236 1424 1426 1570 
1426 1237 1425 1427 1571 
1427 1238 1426 1428 1572 
1428 1239 1427 1429 1573 
1429 1240 1428 1430 1574 1575 
1430 1241 1429 1431 1433 1578 1579 
1431 1244 1430 1432 1433 
1432 1245 1431 1434 1435 1438 1439 
1433 1430 1431 1434 1436 1588 
1434 1432 1433 1435 1436 
1435 1432 1434 1437 1440 
1436 1433 1434 1437 1589 
1437 1435 1436 1590 
1438 1249 1432 1439 
1439 1432 1438 1440 
1440 1435 1439 
1441 1442 1443 1446 
1442 1441 1443 1444 
1443 1441 1442 1445 1448 
1444 1442 1445 1603 
1445 1443 1444 1450 1604 
1446 1250 1441 1447 1448 1449 
1447 1250 1446 1452 1453 1456 1458 
1448 1443 1446 1449 1450 
1449 1446 1448 1451 1452 
1450 1445 1448 1451 1612 
1451 1449 1450 1454 1612 
1452 1447 1449 1453 1454 
1453 1447 1452 1455 1464 
1454 1451 1452 1455 1613 
1455 1453 1454 1466 1613 
1456 1256 1447 1457 1458 
1457 1256 1456 1459 1460 
1458 1447 1456 1459 1464 
1459 1457 1458 1462 1465 
1460 1259 1457 1461 1462 
1461 1260 1460 1463 1469 
1462 1459 1460 1463 1468 
1463 1461 1462 1468 1469 
1464 1453 1458 1465 1466 
1465 1459 1464 1467 1468 
1466 1455 1464 1467 1616 
1467 1465 1466 1468 1616 
1468 1462 1463 1465 1467 1471 1617 1618 
1469 1269 1461 1463 1470 1471 
1470 1270 1469 1472 1473 1476 1478 
1471 1468 1469 1472 1474 1629 1630 
1472 1470 1471 1473 1474 
1473 1470 1472 1475 1484 
1474 1471 1472 1475 1633 
1475 1473 1474 1486 1634 
1476 1273 1470 1477 1478 
1477 1273 1476 1479 1480 
1478 1470 1476 1479 1484 
1479 1477 1478 1482 1485 
1480 1274 1477 1481 1482 
1481 1274 1480 1483 1489 
1482 1479 1480 1483 1488 
1483 1481 1482 1488 1491 
1484 1473 1478 1485 1486 
1485 1479 1484 1487 1488 
1486 1475 1484 1487 1639 
1487 1485 1486 1488 1639 
1488 1482 1483 1485 1487 1497 1640 
1489 1277 1481 1490 1491 
1490 1277 1489 1492 1493 
1491 1483 1489 1492 1497 
1492 1490 1491 1495 1497 
1493 1278 1490 1494 1495 
1494 1278 1493 1496 1499 
1495 1492 1493 1496 1498 
1496 1494 1495 1498 1501 
1497 1488 1491 1492 1498 1643 
1498 1495 1496 1497 1507 1643 
1499 1281 1494 1500 1501 
1500 1281 1499 1502 1503 
1501 1496 1499 1502 1507 
1502 1500 1501 1505 1507 
1503 1282 1500 1504 1505 
1504 1282 1503 1506 1509 
1505 1502 1503 1506 1508 
1506 1504 1505 1508 1511 
1507 1498 1501 1502 1508 1644 
1508 1505 1506 1507 1514 1644 
1509 1287 1504 1510 1511 
1510 1288 1509 1512 1513 
1511 1506 1509 1512 1514 
1512 1510 1511 1513 1514 
1513 1291 1292 1510 1512 1515 1516 
1514 1508 1511 1512 1515 1645 
1515 1513 1514 1518 1645 
1516 1303 1304 1513 1517 1518 
1517 1305 1516 1519 1520 
1518 1515 1516 1519 1646 
1519 1517 1518 1520 1646 
1520 1311 1312 1517 1519 1521 1647 
1521 1321 1322 1520 1522 1524 1648 
1522 1330 1331 1521 1523 1524 
1523 1334 1335 1522 1525 1526 
1524 1521 1522 1525 1649 
1525 1523 1524 1528 1649 
1526 1340 1341 1523 1527 1528 
1527 1344 1345 1526 1529 1530 
1528 1525 1526 1529 1650 
1529 1527 1528 1532 1650 
1530 1350 1351 1527 1531 1532 
1531 1354 1355 1530 1533 1534 1536 
1532 1529 1530 1533 1651 
1533 1531 1532 1542 1651 
1534 1360 1531 1535 1536 
1535 1361 1534 1537 1538 
1536 1531 1534 1537 1542 
1537 1535 1536 1540 1542 
1538 1362 1535 1539 1540 
1539 1362 1538 1541 1544 
1540 1537 1538 1541 1543 
1541 1539 1540 1543 1546 
1542 1533 1536 1537 1543 1652 
1543 1540 1541 1542 1549 1652 
1544 1367 1539 1545 1546 
1545 1368 1544 1547 1548 
1546 1541 1544 1547 1549 
1547 1545 1546 1548 1549 
1548 1371 1372 1545 1547 1550 1551 
1549 1543 1546 1547 1550 1653 
1550 1548 1549 1553 1653 
1551 1377 1378 1548 1552 1553 
1552 1381 1382 1551 1554 1555 
1553 1550 1551 1554 1654 
1554 1552 1553 1557 1654 
1555 1393 1394 1552 1556 1557 
1556 1395 1555 1558 1559 
1557 1554 1555 1558 1655 
1558 1556 1557 1559 1655 
1559 1404 1405 1556 1558 1560 1656 
1560 1411 1412 1559 1561 1657 
1561 1415 1416 1560 1562 1658 
1562 1417 1561 1563 1659 
1563 1418 1562 1564 1660 
1564 1419 1563 1565 1661 
1565 1420 1564 1566 1662 
1566 1421 1565 1567 1663 
1567 1422 1566 1568 1664 
1568 1423 1567 1569 1665 
1569 1424 1568 1570 1666 
1570 1425 1569 1571 1667 
1571 1426 1570 1572 1668 
1572 1427 1571 1573 1669 
1573 1428 1572 1574 1576 1670 1671 
1574 1429 1573 1575 1576 
1575 1429 1574 1577 1578 
1576 1573 1574 1577 1674 
1577 1575 1576 1580 1582 1675 1676 
1578 1430 1575 1579 1580 1581 
1579 1430 1578 1584 1585 1588 
1580 1577 1578 1581 1582 
1581 1578 1580 1583 1584 
1582 1577 1580 1583 1687 
1583 1581 1582 1586 1688 
1584 1579 1581 1585 1586 
1585 1579 1584 1587 1593 
1586 1583 1584 1587 1691 
1587 1585 1586 1593 1692 
1588 1433 1579 1589 1591 1593 
1589 1436 1588 1590 1591 
1590 1437 1589 1592 
1591 1588 1589 1592 1594 
1592 1590 1591 1595 
1593 1585 1587 1588 1594 1596 1700 
1594 1591 1593 1595 1596 
1595 1592 1594 1597 
1596 1593 1594 1597 1701 
1597 1595 1596 1702 
1598 1599 1725 
1599 1598 1607 1609 1728 1729 
1600 1602 1603 
1601 1602 1607 
1602 1600 1601 1605 1608 
1603 1444 1600 1604 1605 
1604 1445 1603 1606 1612 
1605 1602 1603 1606 1611 
1606 1604 1605 1611 1612 
1607 1599 1601 1608 1609 
1608 1602 1607 1610 1611 
1609 1599 1607 1610 1734 
1610 1608 1609 1611 1735 
1611 1605 1606 1608 1610 1614 1738 
1612 1450 1451 1604 1606 1613 1614 
1613 1454 1455 1612 1615 1616 
1614 1611 1612 1615 1744 1745 
1615 1613 1614 1621 1623 1748 1749 
1616 1466 1467 1613 1617 1619 1621 1622 
1617 1468 1616 1618 1619 
1618 1468 1617 1620 1629 
1619 1616 1617 1620 1625 
1620 1618 1619 1626 1631 
1621 1615 1616 1622 1623 
1622 1616 1621 1624 1625 
1623 1615 1621 1624 1757 
1624 1622 1623 1627 1758 
1625 1619 1622 1626 1627 
1626 1620 1625 1628 1637 
1627 1624 1625 1628 1761 
1628 1626 1627 1637 1761 
1629 1471 1618 1630 1631 
1630 1471 1629 1632 1633 
1631 1620 1629 1632 1637 
1632 1630 1631 1635 1637 
1633 1474 1630 1634 1635 
1634 1475 1633 1636 1639 
1635 1632 1633 1636 1638 
1636 1634 1635 1638 1639 
1637 1626 1628 1631 1632 1638 1764 
1638 1635 1636 1637 1641 1764 
1639 1486 1487 1634 1636 1640 1641 
1640 1488 1639 1642 1643 
1641 1638 1639 1642 1765 
1642 1640 1641 1643 1765 
1643 1497 1498 1640 1642 1644 1766 
1644 1507 1508 1643 1645 1767 
1645 1514 1515 1644 1646 1768 
1646 1518 1519 1645 1647 1769 
1647 1520 1646 1648 1770 
1648 1521 1647 1649 1771 
1649 1524 1525 1648 1650 1772 
1650 1528 1529 1649 1651 1773 
1651 1532 1533 1650 1652 1774 
1652 1542 1543 1651 1653 1775 
1653 1549 1550 1652 1654 1776 
1654 1553 1554 1653 1655 1777 
1655 1557 1558 1654 1656 1778 
1656 1559 1655 1657 1779 
1657 1560 1656 1658 1780 
1658 1561 1657 1659 1781 
1659 1562 1658 1660 1782 
1660 1563 1659 1661 1783 
1661 1564 1660 1662 1784 
1662 1565 1661 1663 1785 
1663 1566 1662 1664 1786 1787 
1664 1567 1663 1665 1790 1791 
1665 1568 1664 1666 1794 1795 
1666 1569 1665 1667 1798 
1667 1570 1666 1668 1799 1800 
1668 1571 1667 1669 1803 1804 
1669 1572 1668 1670 1672 1813 1814 
1670 1573 1669 1671 1672 
1671 1573 1670 1673 1674 
1672 1669 1670 1673 1820 
1673 1671 1672 1679 1681 1821 1822 
1674 1576 1671 1675 1677 1679 1680 
1675 1577 1674 1676 1677 
1676 1577 1675 1678 1687 
1677 1674 1675 1678 1683 
1678 1676 1677 1684 1689 
1679 1673 1674 1680 1681 
1680 1674 1679 1682 1683 
1681 1673 1679 1682 1833 
1682 1680 1681 1685 1834 
1683 1677 1680 1684 1685 
1684 1678 1683 1686 1695 
1685 1682 1683 1686 1837 
1686 1684 1685 1695 1837 
1687 1582 1676 1688 1689 
1688 1583 1687 1690 1691 
1689 1678 1687 1690 1695 
1690 1688 1689 1693 1695 
1691 1586 1688 1692 1693 
1692 1587 1691 1694 1700 
1693 1690 1691 1694 1696 
1694 1692 1693 1697 1700 
1695 1684 1686 1689 1690 1696 1698 1840 
1696 1693 1695 1697 1698 
1697 1694 1696 1699 1705 
1698 1695 1696 1699 1841 
1699 1697 1698 1705 1842 
1700 1593 1692 1694 1701 1703 1705 
1701 1596 1700 1702 1703 
1702 1597 1701 1704 
1703 1700 1701 1704 1706 
1704 1702 1703 1707 
1705 1697 1699 1700 1706 1708 1850 
1706 1703 1705 1707 1708 
1707 1704 1706 1709 
1708 1705 1706 1709 1851 
1709 1707 1708 1852 
1710 1713 1716 
1711 1712 1714 1863 
1712 1711 1713 1714 
1713 1710 1712 1715 1720 
1714 1711 1712 1715 1864 
1715 1713 1714 1722 1864 
1716 1710 1717 1720 
1717 1716 1718 1721 
1718 1717 1719 1724 
1719 1718 1724 1726 
1720 1713 1716 1721 1722 
1721 1717 1720 1723 1724 
1722 1715 1720 1723 1867 
1723 1721 1722 1724 1867 
1724 1718 1719 1721 1723 1732 1868 
1725 1598 1727 1728 
1726 1719 1727 1732 
1727 1725 1726 1730 1732 
1728 1599 1725 1729 1730 
1729 1599 1728 1731 1734 
1730 1727 1728 1731 1733 
1731 1729 1730 1733 1736 
1732 1724 1726 1727 1733 1871 1872 
1733 1730 1731 1732 1739 1875 1876 
1734 1609 1729 1735 1736 
1735 1610 1734 1737 1738 
1736 1731 1734 1737 1739 
1737 1735 1736 1738 1739 
1738 1611 1735 1737 1740 1741 1744 1746 
1739 1733 1736 1737 1740 1742 1882 1883 
1740 1738 1739 1741 1742 
1741 1738 1740 1743 1752 
1742 1739 1740 1743 1886 
1743 1741 1742 1754 1887 
1744 1614 1738 1745 1746 
1745 1614 1744 1747 1748 
1746 1738 1744 1747 1752 
1747 1745 1746 1750 1753 
1748 1615 1745 1749 1750 
1749 1615 1748 1751 1757 
1750 1747 1748 1751 1756 
1751 1749 1750 1756 1759 
1752 1741 1746 1753 1754 
1753 1747 1752 1755 1756 
1754 1743 1752 1755 1891 
1755 1753 1754 1756 1891 
1756 1750 1751 1753 1755 1762 1892 
1757 1623 1749 1758 1759 
1758 1624 1757 1760 1761 
1759 1751 1757 1760 1762 
1760 1758 1759 1761 1762 
1761 1627 1628 1758 1760 1763 1764 
1762 1756 1759 1760 1763 1893 
1763 1761 1762 1764 1893 
1764 1637 1638 1761 1763 1765 1894 
1765 1641 1642 1764 1766 1895 
1766 1643 1765 1767 
1767 1644 1766 1768 
1768 1645 1767 1769 1896 
1769 1646 1768 1770 1897 
1770 1647 1769 1771 1898 
1771 1648 1770 1772 1899 
1772 1649 1771 1773 1900 
1773 1650 1772 1774 1901 
1774 1651 1773 1775 1902 
1775 1652 1774 1776 1903 
1776 1653 1775 1777 1904 
1777 1654 1776 1778 1905 
1778 1655 1777 1779 1906 
1779 1656 1778 1780 1907 
1780 1657 1779 1781 1908 
1781 1658 1780 1782 1909 
1782 1659 1781 1783 1910 
1783 1660 1782 1784 1911 
1784 1661 1783 1785 1912 1913 
1785 1662 1784 1786 1788 1916 1917 
1786 1663 1785 1787 1788 
1787 1663 1786 1789 1790 
1788 1785 1786 1789 1920 
1789 1787 1788 1792 1921 1922 
1790 1664 1787 1791 1792 
1791 1664 1790 1793 1794 
1792 1789 1790 1793 1933 1934 
1793 1791 1792 1796 1937 1938 
1794 1665 1791 1795 1796 
1795 1665 1794 1797 1798 
1796 1793 1794 1797 1943 1944 
1797 1795 1796 1798 1947 1948 
1798 1666 1795 1797 1799 1801 1956 1957 
1799 1667 1798 1800 1801 
1800 1667 1799 1802 1803 
1801 1798 1799 1802 1966 
1802 1800 1801 1805 1807 1967 1968 
1803 1668 1800 1804 1805 1806 
1804 1668 1803 1809 1810 1813 
1805 1802 1803 1806 1807 
1806 1803 1805 1808 1809 
1807 1802 1805 1808 1979 
1808 1806 1807 1811 1980 
1809 1804 1806 1810 1811 
1810 1804 1809 1812 1815 
1811 1808 1809 1812 1983 
1812 1810 1811 1817 1983 
1813 1669 1804 1814 1815 1816 
1814 1669 1813 1819 1820 
1815 1810 1813 1816 1817 
1816 1813 1815 1818 1819 
1817 1812 1815 1818 1986 
1818 1816 1817 1819 1987 
1819 1814 1816 1818 1825 1827 1990 1991 
1820 1672 1814 1821 1823 1825 1826 
1821 1673 1820 1822 1823 
1822 1673 1821 1824 1833 
1823 1820 1821 1824 1829 
1824 1822 1823 1830 1835 
1825 1819 1820 1826 1827 
1826 1820 1825 1828 1829 
1827 1819 1825 1828 1996 
1828 1826 1827 1831 1997 
1829 1823 1826 1830 1831 
1830 1824 1829 1832 1838 
1831 1828 1829 1832 2000 
1832 1830 1831 1838 2000 
1833 1681 1822 1834 1835 
1834 1682 1833 1836 1837 
1835 1824 1833 1836 1838 
1836 1834 1835 1837 1838 
1837 1685 1686 1834 1836 1839 1840 
1838 1830 1832 1835 1836 1839 2003 
1839 1837 1838 1845 2003 
1840 1695 1837 1841 1843 1845 
1841 1698 1840 1842 1843 
1842 1699 1841 1844 1850 
1843 1840 1841 1844 1846 
1844 1842 1843 1847 1850 
1845 1839 1840 1846 1848 2004 
1846 1843 1845 1847 1848 
1847 1844 1846 1849 1855 
1848 1845 1846 1849 2005 
1849 1847 1848 1857 2005 
1850 1705 1842 1844 1851 1853 1855 1856 
1851 1708 1850 1852 1853 
1852 1709 1851 1854 
1853 1850 1851 1854 1859 
1854 1852 1853 1860 
1855 1847 1850 1856 1857 
1856 1850 1855 1858 1859 
1857 1849 1855 1858 2008 
1858 1856 1857 1861 2008 
1859 1853 1856 1860 1861 
1860 1854 1859 1862 
1861 1858 1859 1862 2009 
1862 1860 1861 2010 
1863 1711 1864 1865 
1864 1714 1715 1863 1866 1867 
1865 1863 1866 
1866 1864 1865 1869 
1867 1722 1723 1864 1868 1869 
1868 1724 1867 1870 1871 1873 
1869 1866 1867 1870 
1870 1868 1869 1879 
1871 1732 1868 1872 1873 
1872 1732 1871 1874 1875 
1873 1868 1871 1874 1879 
1874 1872 1873 1877 1880 
1875 1733 1872 1876 1877 
1876 1733 1875 1878 1882 
1877 1874 1875 1878 1881 
1878 1876 1877 1881 1884 
1879 1870 1873 1880 
1880 1874 1879 1881 
1881 1877 1878 1880 1890 
1882 1739 1876 1883 1884 
1883 1739 1882 1885 1886 
1884 1878 1882 1885 1890 
1885 1883 1884 1888 1890 
1886 1742 1883 1887 1888 
1887 1743 1886 1889 1891 
1888 1885 1886 1889 
1889 1887 1888 1891 
1890 1881 1884 1885 
1891 1754 1755 1887 1889 1892 
1892 1756 1891 1893 
1893 1762 1763 1892 1894 
1894 1764 1893 1895 
1895 1765 1894 
1896 1768 1897 
1897 1769 1896 1898 2018 
1898 1770 1897 1899 2019 
1899 1771 1898 1900 2020 
1900 1772 1899 1901 2021 
1901 1773 1900 1902 2022 
1902 1774 1901 1903 2023 
1903 1775 1902 1904 2024 
1904 1776 1903 1905 2025 
1905 1777 1904 1906 2026 
1906 1778 1905 1907 2027 
1907 1779 1906 1908 2028 
1908 1780 1907 1909 2029 
1909 1781 1908 1910 2030 
1910 1782 1909 1911 2031 
1911 1783 1910 1912 1914 2032 2033 
1912 1784 1911 1913 1914 
1913 1784 1912 1915 1916 
1914 1911 1912 1915 2039 
1915 1913 1914 1918 2040 2041 
1916 1785 1913 1917 1918 
1917 1785 1916 1919 1920 
1918 1915 1916 1919 2052 2053 
1919 1917 1918 1925 1927 2056 2057 
1920 1788 1917 1921 1923 1925 1926 
1921 1789 1920 1922 1923 
1922 1789 1921 1924 1933 
1923 1920 1921 1924 1929 
1924 1922 1923 1930 1935 
1925 1919 1920 1926 1927 
1926 1920 1925 1928 1929 
1927 1919 1925 1928 2062 
1928 1926 1927 1931 2063 
1929 1923 1926 1930 1931 
1930 1924 1929 1932 1941 
1931 1928 1929 1932 2066 
1932 1930 1931 1941 2066 
1933 1792 1922 1934 1935 
1934 1792 1933 1936 1937 
1935 1924 1933 1936 1941 
1936 1934 1935 1939 1941 
1937 1793 1934 1938 1939 
1938 1793 1937 1940 1943 
1939 1936 1937 1940 1942 
1940 1938 1939 1942 1945 
1941 1930 1932 1935 1936 1942 2069 
1942 1939 1940 1941 1951 2069 
1943 1796 1938 1944 1945 
1944 1796 1943 1946 1947 
1945 1940 1943 1946 1951 
1946 1944 1945 1949 1951 
1947 1797 1944 1948 1949 
1948 1797 1947 1950 1956 
1949 1946 1947 1950 1952 
1950 1948 1949 1953 1956 
1951 1942 1945 1946 1952 1954 2070 
1952 1949 1951 1953 1954 
1953 1950 1952 1955 1958 
1954 1951 1952 1955 2071 
1955 1953 1954 1960 2071 
1956 1798 1948 1950 1957 1958 1959 
1957 1798 1956 1962 1963 1966 
1958 1953 1956 1959 1960 
1959 1956 1958 1961 1962 
1960 1955 1958 1961 2074 
1961 1959 1960 1964 2074 
1962 1957 1959 1963 1964 
1963 1957 1962 1965 1971 
1964 1961 1962 1965 2075 
1965 1963 1964 1973 2076 
1966 1801 1957 1967 1969 1971 1972 
1967 1802 1966 1968 1969 
1968 1802 1967 1970 1979 
1969 1966 1967 1970 1975 
1970 1968 1969 1976 1981 
1971 1963 1966 1972 1973 
1972 1966 1971 1974 1975 
1973 1965 1971 1974 2081 
1974 1972 1973 1977 2082 
1975 1969 1972 1976 1977 
1976 1970 1975 1978 1984 
1977 1974 1975 1978 2085 
1978 1976 1977 1984 2085 
1979 1807 1968 1980 1981 
1980 1808 1979 1982 1983 
1981 1970 1979 1982 1984 
1982 1980 1981 1983 1984 
1983 1811 1812 1980 1982 1985 1986 1988 
1984 1976 1978 1981 1982 1985 2088 
1985 1983 1984 1994 2088 
1986 1817 1983 1987 1988 
1987 1818 1986 1989 1990 
1988 1983 1986 1989 1994 
1989 1987 1988 1992 1994 
1990 1819 1987 1991 1992 
1991 1819 1990 1993 1996 
1992 1989 1990 1993 1995 
1993 1991 1992 1995 1998 
1994 1985 1988 1989 1995 2089 
1995 1992 1993 1994 2001 2089 
1996 1827 1991 1997 1998 
1997 1828 1996 1999 2000 
1998 1993 1996 1999 2001 
1999 1997 1998 2000 2001 
2000 1831 1832 1997 1999 2002 2003 
2001 1995 1998 1999 2002 2090 
2002 2000 2001 2003 2090 
2003 1838 1839 2000 2002 2004 2006 2091 
2004 1845 2003 2005 2006 
2005 1848 1849 2004 2007 2008 
2006 2003 2004 2007 2092 
2007 2005 2006 2013 2092 
2008 1857 1858 2005 2009 2011 2013 
2009 1861 2008 2010 2011 
2010 1862 2009 2012 
2011 2008 2009 2012 2014 
2012 2010 2011 2015 
2013 2007 2008 2014 2016 2093 
2014 2011 2013 2015 2016 
2015 2012 2014 2017 
2016 2013 2014 2017 2094 
2017 2015 2016 2095 
2018 1897 2019 
2019 1898 2018 2020 
2020 1899 2019 2021 2105 
2021 1900 2020 2022 2106 
2022 1901 2021 2023 2107 
2023 1902 2022 2024 2108 
2024 1903 2023 2025 2109 
2025 1904 2024 2026 2110 
2026 1905 2025 2027 2111 
2027 1906 2026 2028 2112 
2028 1907 2027 2029 2113 
2029 1908 2028 2030 2114 
2030 1909 2029 2031 2115 2116 
2031 1910 2030 2032 2034 2119 2120 
2032 1911 2031 2033 2034 
2033 1911 2032 2035 2036 2039 
2034 2031 2032 2035 2037 2129 2130 
2035 2033 2034 2036 2037 
2036 2033 2035 2038 2044 
2037 2034 2035 2038 2133 
2038 2036 2037 2046 2134 
2039 1914 2033 2040 2042 2044 2045 
2040 1915 2039 2041 2042 
2041 1915 2040 2043 2052 
2042 2039 2040 2043 2048 
2043 2041 2042 2049 2054 
2044 2036 2039 2045 2046 
2045 2039 2044 2047 2048 
2046 2038 2044 2047 2145 
2047 2045 2046 2050 2146 
2048 2042 2045 2049 2050 
2049 2043 2048 2051 2060 
2050 2047 2048 2051 2149 
2051 2049 2050 2060 2149 
2052 1918 2041 2053 2054 
2053 1918 2052 2055 2056 
2054 2043 2052 2055 2060 
2055 2053 2054 2058 2060 
2056 1919 2053 2057 2058 
2057 1919 2056 2059 2062 
2058 2055 2056 2059 2061 
2059 2057 2058 2061 2064 
2060 2049 2051 2054 2055 2061 2152 
2061 2058 2059 2060 2067 2152 
2062 1927 2057 2063 2064 
2063 1928 2062 2065 2066 
2064 2059 2062 2065 2067 
2065 2063 2064 2066 2067 
2066 1931 1932 2063 2065 2068 2069 
2067 2061 2064 2065 2068 2153 
2068 2066 2067 2069 2153 
2069 1941 1942 2066 2068 2070 2072 2154 
2070 1951 2069 2071 2072 
2071 1954 1955 2070 2073 2074 
2072 2069 2070 2073 2155 
2073 2071 2072 2079 2155 
2074 1960 1961 2071 2075 2077 2079 
2075 1964 2074 2076 2077 
2076 1965 2075 2078 2081 
2077 2074 2075 2078 2080 
2078 2076 2077 2080 2083 
2079 2073 2074 2080 2156 
2080 2077 2078 2079 2086 2156 
2081 1973 2076 2082 2083 
2082 1974 2081 2084 2085 
2083 2078 2081 2084 2086 
2084 2082 2083 2085 2086 
2085 1977 1978 2082 2084 2087 2088 
2086 2080 2083 2084 2087 2157 
2087 2085 2086 2088 2157 
2088 1984 1985 2085 2087 2089 2158 
2089 1994 1995 2088 2090 2159 
2090 2001 2002 2089 2091 2160 
2091 2003 2090 2092 2161 
2092 2006 2007 2091 2093 2098 2162 
2093 2013 2092 2094 2096 2098 
2094 2016 2093 2095 2096 
2095 2017 2094 2097 
2096 2093 2094 2097 2099 
2097 2095 2096 2100 
2098 2092 2093 2099 2101 2163 
2099 2096 2098 2100 2101 
2100 2097 2099 2102 2103 
2101 2098 2099 2102 2164 
2102 2100 2101 2104 2164 
2103 2100 2104 
2104 2102 2103 2167 
2105 2020 2106 
2106 2021 2105 2107 2171 
2107 2022 2106 2108 2172 
2108 2023 2107 2109 2173 
2109 2024 2108 2110 2174 
2110 2025 2109 2111 2175 
2111 2026 2110 2112 2176 
2112 2027 2111 2113 2177 
2113 2028 2112 2114 2178 2179 
2114 2029 2113 2115 2117 2182 2183 
2115 2030 2114 2116 2117 
2116 2030 2115 2118 2119 
2117 2114 2115 2118 2192 2193 
2118 2116 2117 2121 2123 2196 2197 
2119 2031 2116 2120 2121 2122 
2120 2031 2119 2125 2126 2129 2131 
2121 2118 2119 2122 2123 
2122 2119 2121 2124 2125 
2123 2118 2121 2124 2205 
2124 2122 2123 2127 2206 
2125 2120 2122 2126 2127 
2126 2120 2125 2128 2137 
2127 2124 2125 2128 2209 
2128 2126 2127 2139 2210 
2129 2034 2120 2130 2131 
2130 2034 2129 2132 2133 
2131 2120 2129 2132 2137 
2132 2130 2131 2135 2138 
2133 2037 2130 2134 2135 
2134 2038 2133 2136 2145 
2135 2132 2133 2136 2141 
2136 2134 2135 2142 2147 
2137 2126 2131 2138 2139 
2138 2132 2137 2140 2141 
2139 2128 2137 2140 2215 
2140 2138 2139 2143 2216 
2141 2135 2138 2142 2143 
2142 2136 2141 2144 2150 
2143 2140 2141 2144 2219 
2144 2142 2143 2150 2220 
2145 2046 2134 2146 2147 
2146 2047 2145 2148 2149 
2147 2136 2145 2148 2150 
2148 2146 2147 2149 2150 
2149 2050 2051 2146 2148 2151 2152 
2150 2142 2144 2147 2148 2151 2228 
2151 2149 2150 2152 2229 
2152 2060 2061 2149 2151 2153 2232 
2153 2067 2068 2152 2154 2233 
2154 2069 2153 2155 2234 
2155 2072 2073 2154 2156 2235 
2156 2079 2080 2155 2157 2236 
2157 2086 2087 2156 2158 2237 
2158 2088 2157 2159 2238 
2159 2089 2158 2160 2239 
2160 2090 2159 2161 2240 
2161 2091 2160 2162 2241 
2162 2092 2161 2163 2165 2242 
2163 2098 2162 2164 2165 
2164 2101 2102 2163 2166 2167 2168 
2165 2162 2163 2166 2243 
2166 2164 2165 2169 2170 2244 
2167 2104 2164 2168 
2168 2164 2167 2169 
2169 2166 2168 2170 
2170 2166 2169 2247 
2171 2106 2172 2251 
2172 2107 2171 2173 2252 
2173 2108 2172 2174 2253 
2174 2109 2173 2175 2254 
2175 2110 2174 2176 2255 2256 
2176 2111 2175 2177 2259 2260 
2177 2112 2176 2178 2180 2263 2264 
2178 2113 2177 2179 2180 
2179 2113 2178 2181 2182 
2180 2177 2178 2181 2273 2274 
2181 2179 2180 2184 2186 2277 2278 
2182 2114 2179 2183 2184 2185 
2183 2114 2182 2188 2189 2192 2194 
2184 2181 2182 2185 2186 
2185 2182 2184 2187 2188 
2186 2181 2184 2187 2289 
2187 2185 2186 2190 2290 
2188 2183 2185 2189 2190 
2189 2183 2188 2191 2200 
2190 2187 2188 2191 2293 
2191 2189 2190 2202 2293 
2192 2117 2183 2193 2194 
2193 2117 2192 2195 2196 
2194 2183 2192 2195 2200 
2195 2193 2194 2198 2201 
2196 2118 2193 2197 2198 
2197 2118 2196 2199 2205 
2198 2195 2196 2199 2204 
2199 2197 2198 2204 2207 
2200 2189 2194 2201 2202 
2201 2195 2200 2203 2204 
2202 2191 2200 2203 2296 
2203 2201 2202 2204 2296 
2204 2198 2199 2201 2203 2213 2297 
2205 2123 2197 2206 2207 
2206 2124 2205 2208 2209 
2207 2199 2205 2208 2213 
2208 2206 2207 2211 2213 
2209 2127 2206 2210 2211 
2210 2128 2209 2212 2215 
2211 2208 2209 2212 2214 
2212 2210 2211 2214 2217 
2213 2204 2207 2208 2214 2300 
2214 2211 2212 2213 2223 2225 2301 2302 
2215 2139 2210 2216 2217 
2216 2140 2215 2218 2219 
2217 2212 2215 2218 2223 
2218 2216 2217 2221 2224 
2219 2143 2216 2220 2221 
2220 2144 2219 2222 2228 
2221 2218 2219 2222 2227 
2222 2220 2221 2227 2228 
2223 2214 2217 2224 2225 
2224 2218 2223 2226 2227 
2225 2214 2223 2226 2313 
2226 2224 2225 2227 2314 
2227 2221 2222 2224 2226 2230 2317 
2228 2150 2220 2222 2229 2230 
2229 2151 2228 2231 2232 
2230 2227 2228 2231 2320 
2231 2229 2230 2232 2320 
2232 2152 2229 2231 2233 2321 
2233 2153 2232 2234 2322 
2234 2154 2233 2235 2323 
2235 2155 2234 2236 2324 
2236 2156 2235 2237 2325 
2237 2157 2236 2238 2326 
2238 2158 2237 2239 2327 
2239 2159 2238 2240 2328 
2240 2160 2239 2241 2329 
2241 2161 2240 2242 2330 
2242 2162 2241 2243 2245 2331 
2243 2165 2242 2244 2245 
2244 2166 2243 2246 2247 2248 
2245 2242 2243 2246 2332 
2246 2244 2245 2249 2250 2333 
2247 2170 2244 2248 
2248 2244 2247 2249 
2249 2246 2248 2250 
2250 2246 2249 2336 
2251 2171 2252 2344 2345 
2252 2172 2251 2253 2351 2352 
2253 2173 2252 2254 2361 2362 
2254 2174 2253 2255 2257 2371 2372 
2255 2175 2254 2256 2257 
2256 2175 2255 2258 2259 
2257 2254 2255 2258 2381 
2258 2256 2257 2261 2382 2383 
2259 2176 2256 2260 2261 
2260 2176 2259 2262 2263 
2261 2258 2259 2262 2394 2395 
2262 2260 2261 2265 2267 2398 2399 
2263 2177 2260 2264 2265 2266 
2264 2177 2263 2269 2270 2273 2275 
2265 2262 2263 2266 2267 
2266 2263 2265 2268 2269 
2267 2262 2265 2268 2404 
2268 2266 2267 2271 2405 
2269 2264 2266 2270 2271 
2270 2264 2269 2272 2281 
2271 2268 2269 2272 2408 
2272 2270 2271 2283 2409 
2273 2180 2264 2274 2275 
2274 2180 2273 2276 2277 
2275 2264 2273 2276 2281 
2276 2274 2275 2279 2282 
2277 2181 2274 2278 2279 
2278 2181 2277 2280 2289 
2279 2276 2277 2280 2285 
2280 2278 2279 2286 2291 
2281 2270 2275 2282 2283 
2282 2276 2281 2284 2285 
2283 2272 2281 2284 2414 
2284 2282 2283 2287 2414 
2285 2279 2282 2286 2287 
2286 2280 2285 2288 2294 
2287 2284 2285 2288 2415 
2288 2286 2287 2294 2415 
2289 2186 2278 2290 2291 
2290 2187 2289 2292 2293 
2291 2280 2289 2292 2294 
2292 2290 2291 2293 2294 
2293 2190 2191 2290 2292 2295 2296 
2294 2286 2288 2291 2292 2295 2418 
2295 2293 2294 2298 2419 
2296 2202 2203 2293 2297 2298 
2297 2204 2296 2299 2300 
2298 2295 2296 2299 2422 
2299 2297 2298 2305 2307 2423 
2300 2213 2297 2301 2303 2305 2306 
2301 2214 2300 2302 2303 
2302 2214 2301 2304 2313 
2303 2300 2301 2304 2309 
2304 2302 2303 2310 2315 
2305 2299 2300 2306 2307 
2306 2300 2305 2308 2309 
2307 2299 2305 2308 2429 
2308 2306 2307 2311 2430 
2309 2303 2306 2310 2311 
2310 2304 2309 2312 2318 
2311 2308 2309 2312 2433 
2312 2310 2311 2318 2434 
2313 2225 2302 2314 2315 
2314 2226 2313 2316 2317 
2315 2304 2313 2316 2318 
2316 2314 2315 2317 2318 
2317 2227 2314 2316 2319 2320 
2318 2310 2312 2315 2316 2319 2442 
2319 2317 2318 2320 2443 
2320 2230 2231 2317 2319 2321 2446 
2321 2232 2320 2322 2447 
2322 2233 2321 2323 2448 
2323 2234 2322 2324 2449 
2324 2235 2323 2325 2450 
2325 2236 2324 2326 2451 
2326 2237 2325 2327 2452 
2327 2238 2326 2328 2453 
2328 2239 2327 2329 2454 
2329 2240 2328 2330 2455 
2330 2241 2329 2331 2456 
2331 2242 2330 2332 2334 2457 
2332 2245 2331 2333 2334 
2333 2246 2332 2335 2336 2338 
2334 2331 2332 2335 2458 
2335 2333 2334 2340 2342 2459 
2336 2250 2333 2337 2338 
2337 2336 2339 
2338 2333 2336 2339 2340 
2339 2337 2338 2341 
2340 2335 2338 2341 2342 
2341 2339 2340 2343 
2342 2335 2340 2343 2462 
2343 2341 2342 2463 
2344 2251 2345 2346 
2345 2251 2344 2347 2348 2351 
2346 2344 2347 2349 2472 
2347 2345 2346 2348 2349 
2348 2345 2347 2350 2353 
2349 2346 2347 2350 2473 
2350 2348 2349 2355 2474 
2351 2252 2345 2352 2353 2354 
2352 2252 2351 2357 2358 2361 
2353 2348 2351 2354 2355 
2354 2351 2353 2356 2357 
2355 2350 2353 2356 2479 
2356 2354 2355 2359 2479 
2357 2352 2354 2358 2359 
2358 2352 2357 2360 2363 
2359 2356 2357 2360 2480 
2360 2358 2359 2365 2481 
2361 2253 2352 2362 2363 2364 
2362 2253 2361 2367 2368 2371 
2363 2358 2361 2364 2365 
2364 2361 2363 2366 2367 
2365 2360 2363 2366 2486 
2366 2364 2365 2369 2487 
2367 2362 2364 2368 2369 
2368 2362 2367 2370 2373 
2369 2366 2367 2370 2490 
2370 2368 2369 2375 2490 
2371 2254 2362 2372 2373 2374 
2372 2254 2371 2377 2378 2381 
2373 2368 2371 2374 2375 
2374 2371 2373 2376 2377 
2375 2370 2373 2376 2493 
2376 2374 2375 2379 2493 
2377 2372 2374 2378 2379 
2378 2372 2377 2380 2386 
2379 2376 2377 2380 2494 
2380 2378 2379 2388 2495 
2381 2257 2372 2382 2384 2386 2387 
2382 2258 2381 2383 2384 
2383 2258 2382 2385 2394 
2384 2381 2382 2385 2390 
2385 2383 2384 2391 2396 
2386 2378 2381 2387 2388 
2387 2381 2386 2389 2390 
2388 2380 2386 2389 2500 
2389 2387 2388 2392 2501 
2390 2384 2387 2391 2392 
2391 2385 2390 2393 2402 
2392 2389 2390 2393 2504 
2393 2391 2392 2402 2504 
2394 2261 2383 2395 2396 
2395 2261 2394 2397 2398 
2396 2385 2394 2397 2402 
2397 2395 2396 2400 2402 
2398 2262 2395 2399 2400 
2399 2262 2398 2401 2404 
2400 2397 2398 2401 2403 
2401 2399 2400 2403 2406 
2402 2391 2393 2396 2397 2403 2507 
2403 2400 2401 2402 2412 2507 
2404 2267 2399 2405 2406 
2405 2268 2404 2407 2408 
2406 2401 2404 2407 2412 
2407 2405 2406 2410 2412 
2408 2271 2405 2409 2410 
2409 2272 2408 2411 2414 
2410 2407 2408 2411 2413 
2411 2409 2410 2413 2414 
2412 2403 2406 2407 2413 2508 
2413 2410 2411 2412 2416 2508 
2414 2283 2284 2409 2411 2415 2416 
2415 2287 2288 2414 2417 2418 
2416 2413 2414 2417 2509 
2417 2415 2416 2420 2510 
2418 2294 2415 2419 2420 
2419 2295 2418 2421 2422 
2420 2417 2418 2421 2516 2517 
2421 2419 2420 2424 2520 
2422 2298 2419 2423 2424 
2423 2299 2422 2425 2426 2429 2431 
2424 2421 2422 2425 2427 2529 2530 
2425 2423 2424 2426 2427 
2426 2423 2425 2428 2437 
2427 2424 2425 2428 2533 
2428 2426 2427 2439 2534 
2429 2307 2423 2430 2431 
2430 2308 2429 2432 2433 
2431 2423 2429 2432 2437 
2432 2430 2431 2435 2438 
2433 2311 2430 2434 2435 
2434 2312 2433 2436 2442 
2435 2432 2433 2436 2441 
2436 2434 2435 2441 2442 
2437 2426 2431 2438 2439 
2438 2432 2437 2440 2441 
2439 2428 2437 2440 2542 
2440 2438 2439 2441 2542 
2441 2435 2436 2438 2440 2444 2543 
2442 2318 2434 2436 2443 2444 
2443 2319 2442 2445 2446 
2444 2441 2442 2445 2546 
2445 2443 2444 2446 2546 
2446 2320 2443 2445 2447 2547 
2447 2321 2446 2448 2548 
2448 2322 2447 2449 2549 
2449 2323 2448 2450 2550 
2450 2324 2449 2451 2551 
2451 2325 2450 2452 2552 
2452 2326 2451 2453 2553 
2453 2327 2452 2454 2554 
2454 2328 2453 2455 2555 
2455 2329 2454 2456 2556 
2456 2330 2455 2457 2557 
2457 2331 2456 2458 2460 2558 
2458 2334 2457 2459 2460 
2459 2335 2458 2461 2462 2464 
2460 2457 2458 2461 2559 
2461 2459 2460 2466 2468 2559 
2462 2342 2459 2463 2464 
2463 2343 2462 2465 
2464 2459 2462 2465 2466 
2465 2463 2464 2467 
2466 2461 2464 2467 2468 
2467 2465 2466 2469 2470 
2468 2461 2466 2469 2560 
2469 2467 2468 2471 2560 
2470 2467 2471 
2471 2469 2470 2561 
2472 2346 2473 2475 2477 
2473 2349 2472 2474 2475 
2474 2350 2473 2476 2479 
2475 2472 2473 2476 2478 
2476 2474 2475 2478 2479 
2477 2472 2478 2567 
2478 2475 2476 2477 2484 2567 
2479 2355 2356 2474 2476 2480 2482 2484 
2480 2359 2479 2481 2482 
2481 2360 2480 2483 2486 
2482 2479 2480 2483 2485 
2483 2481 2482 2485 2488 
2484 2478 2479 2485 2568 
2485 2482 2483 2484 2491 2568 
2486 2365 2481 2487 2488 
2487 2366 2486 2489 2490 
2488 2483 2486 2489 2491 
2489 2487 2488 2490 2491 
2490 2369 2370 2487 2489 2492 2493 
2491 2485 2488 2489 2492 2569 
2492 2490 2491 2498 2570 
2493 2375 2376 2490 2494 2496 2498 
2494 2379 2493 2495 2496 
2495 2380 2494 2497 2500 
2496 2493 2494 2497 2499 
2497 2495 2496 2499 2502 
2498 2492 2493 2499 2573 2574 
2499 2496 2497 2498 2505 2577 2578 
2500 2388 2495 2501 2502 
2501 2389 2500 2503 2504 
2502 2497 2500 2503 2505 
2503 2501 2502 2504 2505 
2504 2392 2393 2501 2503 2506 2507 
2505 2499 2502 2503 2506 2589 2590 
2506 2504 2505 2507 2593 
2507 2402 2403 2504 2506 2508 2602 2603 
2508 2412 2413 2507 2509 2511 2612 2613 
2509 2416 2508 2510 2511 
2510 2417 2509 2512 2513 2516 2518 
2511 2508 2509 2512 2514 2622 2623 
2512 2510 2511 2513 2514 
2513 2510 2512 2515 2521 
2514 2511 2512 2515 2626 
2515 2513 2514 2523 2627 
2516 2420 2510 2517 2518 
2517 2420 2516 2519 2520 
2518 2510 2516 2519 2521 
2519 2517 2518 2520 2522 
2520 2421 2517 2519 2525 2526 2529 2531 
2521 2513 2518 2522 2523 
2522 2519 2521 2524 2525 
2523 2515 2521 2524 2635 
2524 2522 2523 2527 2635 
2525 2520 2522 2526 2527 
2526 2520 2525 2528 2537 
2527 2524 2525 2528 2636 
2528 2526 2527 2539 2636 
2529 2424 2520 2530 2531 
2530 2424 2529 2532 2533 
2531 2520 2529 2532 2537 
2532 2530 2531 2535 2538 
2533 2427 2530 2534 2535 
2534 2428 2533 2536 2542 
2535 2532 2533 2536 2541 
2536 2534 2535 2541 2542 
2537 2526 2531 2538 2539 
2538 2532 2537 2540 2541 
2539 2528 2537 2540 2639 
2540 2538 2539 2541 2639 
2541 2535 2536 2538 2540 2544 2640 
2542 2439 2440 2534 2536 2543 2544 
2543 2441 2542 2545 2546 
2544 2541 2542 2545 2643 
2545 2543 2544 2546 2643 
2546 2444 2445 2543 2545 2547 2644 
2547 2446 2546 2548 2645 
2548 2447 2547 2549 2646 
2549 2448 2548 2550 2647 
2550 2449 2549 2551 2648 
2551 2450 2550 2552 2649 2650 
2552 2451 2551 2553 2653 2654 
2553 2452 2552 2554 2657 2658 
2554 2453 2553 2555 2661 2662 
2555 2454 2554 2556 2665 2666 
2556 2455 2555 2557 2675 2676 
2557 2456 2556 2558 2685 2686 
2558 2457 2557 2559 2689 2690 
2559 2460 2461 2558 2560 2563 2693 2694 
2560 2468 2469 2559 2561 2562 2563 
2561 2471 2560 2562 
2562 2560 2561 2564 
2563 2559 2560 2564 2565 2703 
2564 2562 2563 2565 
2565 2563 2564 2704 
2566 2567 
2567 2477 2478 2566 2568 2716 
2568 2484 2485 2567 2569 2571 2717 
2569 2491 2568 2570 2571 
2570 2492 2569 2572 2573 2575 
2571 2568 2569 2572 2718 
2572 2570 2571 2581 2583 2718 
2573 2498 2570 2574 2575 
2574 2498 2573 2576 2577 
2575 2570 2573 2576 2581 
2576 2574 2575 2579 2582 
2577 2499 2574 2578 2579 
2578 2499 2577 2580 2589 
2579 2576 2577 2580 2585 
2580 2578 2579 2586 2591 
2581 2572 2575 2582 2583 
2582 2576 2581 2584 2585 
2583 2572 2581 2584 2719 
2584 2582 2583 2587 2719 
2585 2579 2582 2586 2587 
2586 2580 2585 2588 2594 
2587 2584 2585 2588 2720 
2588 2586 2587 2596 2720 
2589 2505 2578 2590 2591 
2590 2505 2589 2592 2593 
2591 2580 2589 2592 2594 
2592 2590 2591 2593 2595 
2593 2506 2590 2592 2598 2599 2602 
2594 2586 2591 2595 2596 
2595 2592 2594 2597 2598 
2596 2588 2594 2597 2723 
2597 2595 2596 2600 2723 
2598 2593 2595 2599 2600 
2599 2593 2598 2601 2604 
2600 2597 2598 2601 2724 
2601 2599 2600 2606 2724 
2602 2507 2593 2603 2604 2605 
2603 2507 2602 2608 2609 2612 
2604 2599 2602 2605 2606 
2605 2602 2604 2607 2608 
2606 2601 2604 2607 2727 
2607 2605 2606 2610 2728 
2608 2603 2605 2609 2610 
2609 2603 2608 2611 2614 
2610 2607 2608 2611 2731 
2611 2609 2610 2616 2731 
2612 2508 2603 2613 2614 2615 
2613 2508 2612 2618 2619 2622 2624 
2614 2609 2612 2615 2616 
2615 2612 2614 2617 2618 
2616 2611 2614 2617 2734 
2617 2615 2616 2620 2734 
2618 2613 2615 2619 2620 
2619 2613 2618 2621 2630 
2620 2617 2618 2621 2735 
2621 2619 2620 2632 2735 
2622 2511 2613 2623 2624 
2623 2511 2622 2625 2626 
2624 2613 2622 2625 2630 
2625 2623 2624 2628 2631 
2626 2514 2623 2627 2628 
2627 2515 2626 2629 2635 
2628 2625 2626 2629 2634 
2629 2627 2628 2634 2635 
2630 2619 2624 2631 2632 
2631 2625 2630 2633 2634 
2632 2621 2630 2633 2738 
2633 2631 2632 2634 2738 
2634 2628 2629 2631 2633 2637 2739 
2635 2523 2524 2627 2629 2636 2637 
2636 2527 2528 2635 2638 2639 
2637 2634 2635 2638 2742 
2638 2636 2637 2641 2742 
2639 2539 2540 2636 2640 2641 
2640 2541 2639 2642 2643 
2641 2638 2639 2642 2743 
2642 2640 2641 2643 2743 
2643 2544 2545 2640 2642 2644 2744 
2644 2546 2643 2645 2745 
2645 2547 2644 2646 2746 
2646 2548 2645 2647 2747 
2647 2549 2646 2648 2748 2749 
2648 2550 2647 2649 2651 2752 2753 
2649 2551 2648 2650 2651 
2650 2551 2649 2652 2653 
2651 2648 2649 2652 2756 
2652 2650 2651 2655 2757 2758 
2653 2552 2650 2654 2655 
2654 2552 2653 2656 2657 
2655 2652 2653 2656 2766 2767 
2656 2654 2655 2659 2770 2771 
2657 2553 2654 2658 2659 
2658 2553 2657 2660 2661 
2659 2656 2657 2660 2776 2777 
2660 2658 2659 2663 2780 2781 
2661 2554 2658 2662 2663 
2662 2554 2661 2664 2665 
2663 2660 2661 2664 2786 2787 
2664 2662 2663 2667 2669 2790 2791 
2665 2555 2662 2666 2667 2668 
2666 2555 2665 2671 2672 2675 
2667 2664 2665 2668 2669 
2668 2665 2667 2670 2671 
2669 2664 2667 2670 2796 
2670 2668 2669 2673 2797 
2671 2666 2668 2672 2673 
2672 2666 2671 2674 2677 
2673 2670 2671 2674 2800 
2674 2672 2673 2679 2800 
2675 2556 2666 2676 2677 2678 
2676 2556 2675 2681 2682 2685 
2677 2672 2675 2678 2679 
2678 2675 2677 2680 2681 
2679 2674 2677 2680 2803 
2680 2678 2679 2683 2803 
2681 2676 2678 2682 2683 
2682 2676 2681 2684 2687 
2683 2680 2681 2684 2804 
2684 2682 2683 2687 2805 
2685 2557 2676 2686 2687 
2686 2557 2685 2688 2689 
2687 2682 2684 2685 2688 2810 2811 
2688 2686 2687 2691 2814 2815 
2689 2558 2686 2690 2691 
2690 2558 2689 2692 2693 
2691 2688 2689 2692 2820 2821 
2692 2690 2691 2695 2697 2824 2825 
2693 2559 2690 2694 2695 2696 
2694 2559 2693 2699 2700 2703 
2695 2692 2693 2696 2697 
2696 2693 2695 2698 2699 
2697 2692 2695 2698 2830 
2698 2696 2697 2701 2831 
2699 2694 2696 2700 2701 
2700 2694 2699 2702 2708 
2701 2698 2699 2702 2834 
2702 2700 2701 2710 2834 
2703 2563 2694 2704 2706 2708 2709 
2704 2565 2703 2705 2706 
2705 2704 2707 
2706 2703 2704 2707 2712 
2707 2705 2706 2713 
2708 2700 2703 2709 2710 
2709 2703 2708 2711 2712 
2710 2702 2708 2711 2837 
2711 2709 2710 2714 2837 
2712 2706 2709 2713 2714 
2713 2707 2712 2715 
2714 2711 2712 2715 2838 
2715 2713 2714 2839 
2716 2567 2717 2847 
2717 2568 2716 2718 2848 
2718 2571 2572 2717 2719 2721 2849 
2719 2583 2584 2718 2720 2721 
2720 2587 2588 2719 2722 2723 
2721 2718 2719 2722 2850 
2722 2720 2721 2725 2850 
2723 2596 2597 2720 2724 2725 
2724 2600 2601 2723 2726 2727 2729 
2725 2722 2723 2726 2851 
2726 2724 2725 2732 2851 
2727 2606 2724 2728 2729 
2728 2607 2727 2730 2731 
2729 2724 2727 2730 2732 
2730 2728 2729 2731 2732 
2731 2610 2611 2728 2730 2733 2734 
2732 2726 2729 2730 2733 2852 
2733 2731 2732 2736 2852 
2734 2616 2617 2731 2735 2736 
2735 2620 2621 2734 2737 2738 
2736 2733 2734 2737 2853 
2737 2735 2736 2740 2853 
2738 2632 2633 2735 2739 2740 
2739 2634 2738 2741 2742 
2740 2737 2738 2741 2854 
2741 2739 2740 2742 2854 
2742 2637 2638 2739 2741 2743 2855 
2743 2641 2642 2742 2744 2856 
2744 2643 2743 2745 2857 
2745 2644 2744 2746 2858 
2746 2645 2745 2747 2859 
2747 2646 2746 2748 2750 2860 
2748 2647 2747 2749 2750 
2749 2647 2748 2751 2752 
2750 2747 2748 2751 2861 
2751 2749 2750 2754 2862 2863 
2752 2648 2749 2753 2754 
2753 2648 2752 2755 2756 
2754 2751 2752 2755 2871 2872 
2755 2753 2754 2761 2875 2876 
2756 2651 2753 2757 2759 2761 
2757 2652 2756 2758 2759 
2758 2652 2757 2760 2766 
2759 2756 2757 2760 2762 
2760 2758 2759 2763 2768 
2761 2755 2756 2762 2764 2881 2882 
2762 2759 2761 2763 2764 
2763 2760 2762 2765 2774 
2764 2761 2762 2765 2885 
2765 2763 2764 2774 2886 
2766 2655 2758 2767 2768 
2767 2655 2766 2769 2770 
2768 2760 2766 2769 2774 
2769 2767 2768 2772 2774 
2770 2656 2767 2771 2772 
2771 2656 2770 2773 2776 
2772 2769 2770 2773 2775 
2773 2771 2772 2775 2778 
2774 2763 2765 2768 2769 2775 2891 
2775 2772 2773 2774 2784 2892 
2776 2659 2771 2777 2778 
2777 2659 2776 2779 2780 
2778 2773 2776 2779 2784 
2779 2777 2778 2782 2784 
2780 2660 2777 2781 2782 
2781 2660 2780 2783 2786 
2782 2779 2780 2783 2785 
2783 2781 2782 2785 2788 
2784 2775 2778 2779 2785 2895 
2785 2782 2783 2784 2794 2895 
2786 2663 2781 2787 2788 
2787 2663 2786 2789 2790 
2788 2783 2786 2789 2794 
2789 2787 2788 2792 2794 
2790 2664 2787 2791 2792 
2791 2664 2790 2793 2796 
2792 2789 2790 2793 2795 
2793 2791 2792 2795 2798 
2794 2785 2788 2789 2795 2896 
2795 2792 2793 2794 2801 2896 
2796 2669 2791 2797 2798 
2797 2670 2796 2799 2800 
2798 2793 2796 2799 2801 
2799 2797 2798 2800 2801 
2800 2673 2674 2797 2799 2802 2803 
2801 2795 2798 2799 2802 2897 
2802 2800 2801 2808 2897 
2803 2679 2680 2800 2804 2806 2808 
2804 2683 2803 2805 2806 
2805 2684 2804 2807 2810 
2806 2803 2804 2807 2809 
2807 2805 2806 2809 2812 
2808 2802 2803 2809 2898 
2809 2806 2807 2808 2818 2898 
2810 2687 2805 2811 2812 
2811 2687 2810 2813 2814 
2812 2807 2810 2813 2818 
2813 2811 2812 2816 2818 
2814 2688 2811 2815 2816 
2815 2688 2814 2817 2820 
2816 2813 2814 2817 2819 
2817 2815 2816 2819 2822 
2818 2809 2812 2813 2819 2899 
2819 2816 2817 2818 2828 2899 
2820 2691 2815 2821 2822 
2821 2691 2820 2823 2824 
2822 2817 2820 2823 2828 
2823 2821 2822 2826 2828 
2824 2692 2821 2825 2826 
2825 2692 2824 2827 2830 
2826 2823 2824 2827 2829 
2827 2825 2826 2829 2832 
2828 2819 2822 2823 2829 2900 
2829 2826 2827 2828 2835 2900 
2830 2697 2825 2831 2832 
2831 2698 2830 2833 2834 
2832 2827 2830 2833 2835 
2833 2831 2832 2834 2835 
2834 2701 2702 2831 2833 2836 2837 
2835 2829 2832 2833 2836 2901 
2836 2834 2835 2842 2901 
2837 2710 2711 2834 2838 2840 2842 
2838 2714 2837 2839 2840 
2839 2715 2838 2841 
2840 2837 2838 2841 2843 
2841 2839 2840 2844 
2842 2836 2837 2843 2845 2902 
2843 2840 2842 2844 2845 
2844 2841 2843 2846 
2845 2842 2843 2846 2903 
2846 2844 2845 2904 
2847 2716 2848 
2848 2717 2847 2849 2912 
2849 2718 2848 2850 2913 
2850 2721 2722 2849 2851 2914 
2851 2725 2726 2850 2852 2915 
2852 2732 2733 2851 2853 2916 
2853 2736 2737 2852 2854 2917 
2854 2740 2741 2853 2855 2918 
2855 2742 2854 2856 2919 
2856 2743 2855 2857 2920 
2857 2744 2856 2858 2921 
2858 2745 2857 2859 2922 
2859 2746 2858 2860 2923 2924 
2860 2747 2859 2861 2866 2927 2928 
2861 2750 2860 2862 2864 2866 
2862 2751 2861 2863 2864 
2863 2751 2862 2865 2871 
2864 2861 2862 2865 2867 
2865 2863 2864 2868 2873 
2866 2860 2861 2867 2869 2937 2938 
2867 2864 2866 2868 2869 
2868 2865 2867 2870 2879 
2869 2866 2867 2870 2941 
2870 2868 2869 2879 2942 
2871 2754 2863 2872 2873 
2872 2754 2871 2874 2875 
2873 2865 2871 2874 2879 
2874 2872 2873 2877 2879 
2875 2755 2872 2876 2877 
2876 2755 2875 2878 2881 
2877 2874 2875 2878 2880 
2878 2876 2877 2880 2883 
2879 2868 2870 2873 2874 2880 2950 
2880 2877 2878 2879 2889 2951 
2881 2761 2876 2882 2883 
2882 2761 2881 2884 2885 
2883 2878 2881 2884 2889 
2884 2882 2883 2887 2889 
2885 2764 2882 2886 2887 
2886 2765 2885 2888 2891 
2887 2884 2885 2888 2890 
2888 2886 2887 2890 2891 
2889 2880 2883 2884 2890 2954 
2890 2887 2888 2889 2893 2954 
2891 2774 2886 2888 2892 2893 
2892 2775 2891 2894 2895 
2893 2890 2891 2894 2955 
2894 2892 2893 2895 2955 
2895 2784 2785 2892 2894 2896 2956 
2896 2794 2795 2895 2897 2957 
2897 2801 2802 2896 2898 2958 
2898 2808 2809 2897 2899 2959 
2899 2818 2819 2898 2900 2960 
2900 2828 2829 2899 2901 2961 
2901 2835 2836 2900 2902 2907 2962 
2902 2842 2901 2903 2905 2907 
2903 2845 2902 2904 2905 
2904 2846 2903 2906 
2905 2902 2903 2906 2908 
2906 2904 2905 2909 
2907 2901 2902 2908 2910 2963 
2908 2905 2907 2909 2910 
2909 2906 2908 2911 
2910 2907 2908 2911 2964 
2911 2909 2910 2965 
2912 2848 2913 
2913 2849 2912 2914 2973 
2914 2850 2913 2915 2974 
2915 2851 2914 2916 2975 
2916 2852 2915 2917 2976 
2917 2853 2916 2918 2977 
2918 2854 2917 2919 2978 
2919 2855 2918 2920 2979 
2920 2856 2919 2921 2980 
2921 2857 2920 2922 2981 
2922 2858 2921 2923 2925 2982 2983 
2923 2859 2922 2924 2925 
2924 2859 2923 2926 2927 
2925 2922 2923 2926 2989 
2926 2924 2925 2929 2931 2990 2991 
2927 2860 2924 2928 2929 2930 
2928 2860 2927 2933 2934 2937 2939 
2929 2926 2927 2930 2931 
2930 2927 2929 2932 2933 
2931 2926 2929 2932 3002 
2932 2930 2931 2935 3003 
2933 2928 2930 2934 2935 
2934 2928 2933 2936 2945 
2935 2932 2933 2936 3006 
2936 2934 2935 2947 3006 
2937 2866 2928 2938 2939 
2938 2866 2937 2940 2941 
2939 2928 2937 2940 2945 
2940 2938 2939 2943 2946 
2941 2869 2938 2942 2943 
2942 2870 2941 2944 2950 
2943 2940 2941 2944 2949 
2944 2942 2943 2949 2950 
2945 2934 2939 2946 2947 
2946 2940 2945 2948 2949 
2947 2936 2945 2948 3009 
2948 2946 2947 2949 3009 
2949 2943 2944 2946 2948 2952 3010 
2950 2879 2942 2944 2951 2952 
2951 2880 2950 2953 2954 
2952 2949 2950 2953 3013 
2953 2951 2952 2954 3013 
2954 2889 2890 2951 2953 2955 3014 
2955 2893 2894 2954 2956 3015 
2956 2895 2955 2957 3016 
2957 2896 2956 2958 3017 
2958 2897 2957 2959 3018 
2959 2898 2958 2960 3019 
2960 2899 2959 2961 3020 
2961 2900 2960 2962 3021 
2962 2901 2961 2963 2968 3022 
2963 2907 2962 2964 2966 2968 
2964 2910 2963 2965 2966 
2965 2911 2964 2967 
2966 2963 2964 2967 2969 
2967 2965 2966 2970 
2968 2962 2963 2969 2971 3023 
2969 2966 2968 2970 2971 
2970 2967 2969 2972 
2971 2968 2969 2972 3024 
2972 2970 2971 3025 
2973 2913 2974 3033 
2974 2914 2973 2975 3034 
2975 2915 2974 2976 3035 
2976 2916 2975 2977 3036 
2977 2917 2976 2978 3037 
2978 2918 2977 2979 3038 
2979 2919 2978 2980 3039 
2980 2920 2979 2981 3040 
2981 2921 2980 2982 2984 3041 3042 
2982 2922 2981 2983 2984 
2983 2922 2982 2985 2986 2989 
2984 2981 2982 2985 2987 3048 3049 
2985 2983 2984 2986 2987 
2986 2983 2985 2988 2994 
2987 2984 2985 2988 3052 
2988 2986 2987 2996 3053 
2989 2925 2983 2990 2992 2994 2995 
2990 2926 2989 2991 2992 
2991 2926 2990 2993 3002 
2992 2989 2990 2993 2998 
2993 2991 2992 2999 3004 
2994 2986 2989 2995 2996 
2995 2989 2994 2997 2998 
2996 2988 2994 2997 3061 
2997 2995 2996 3000 3061 
2998 2992 2995 2999 3000 
2999 2993 2998 3001 3007 
3000 2997 2998 3001 3062 
3001 2999 3000 3007 3062 
3002 2931 2991 3003 3004 
3003 2932 3002 3005 3006 
3004 2993 3002 3005 3007 
3005 3003 3004 3006 3007 
3006 2935 2936 3003 3005 3008 3009 
3007 2999 3001 3004 3005 3008 3065 
3008 3006 3007 3011 3065 
3009 2947 2948 3006 3010 3011 
3010 2949 3009 3012 3013 
3011 3008 3009 3012 3066 
3012 3010 3011 3013 3066 
3013 2952 2953 3010 3012 3014 3067 
3014 2954 3013 3015 3068 
3015 2955 3014 3016 3069 
3016 2956 3015 3017 3070 
3017 2957 3016 3018 3071 
3018 2958 3017 3019 3072 
3019 2959 3018 3020 3073 
3020 2960 3019 3021 3074 
3021 2961 3020 3022 3075 
3022 2962 3021 3023 3028 3076 
3023 2968 3022 3024 3026 3028 
3024 2971 3023 3025 3026 
3025 2972 3024 3027 
3026 3023 3024 3027 3029 
3027 3025 3026 3029 3030 
3028 3022 3023 3029 3077 
3029 3026 3027 3028 3031 3032 3078 
3030 3027 3031 
3031 3029 3030 3032 
3032 3029 3031 3081 
3033 2973 3034 3089 
3034 2974 3033 3035 3090 
3035 2975 3034 3036 3091 
3036 2976 3035 3037 3092 
3037 2977 3036 3038 3093 
3038 2978 3037 3039 3094 
3039 2979 3038 3040 3095 3096 
3040 2980 3039 3041 3043 3099 3100 
3041 2981 3040 3042 3043 
3042 2981 3041 3044 3045 3048 3050 
3043 3040 3041 3044 3046 3109 3110 
3044 3042 3043 3045 3046 
3045 3042 3044 3047 3056 
3046 3043 3044 3047 3113 
3047 3045 3046 3058 3114 
3048 2984 3042 3049 3050 
3049 2984 3048 3051 3052 
3050 3042 3048 3051 3056 
3051 3049 3050 3054 3057 
3052 2987 3049 3053 3054 
3053 2988 3052 3055 3061 
3054 3051 3052 3055 3060 
3055 3053 3054 3060 3061 
3056 3045 3050 3057 3058 
3057 3051 3056 3059 3060 
3058 3047 3056 3059 3120 
3059 3057 3058 3060 3120 
3060 3054 3055 3057 3059 3063 3121 
3061 2996 2997 3053 3055 3062 3063 
3062 3000 3001 3061 3064 3065 
3063 3060 3061 3064 3124 
3064 3062 3063 3065 3124 
3065 3007 3008 3062 3064 3066 3125 
3066 3011 3012 3065 3067 3126 
3067 3013 3066 3068 3127 
3068 3014 3067 3069 3128 
3069 3015 3068 3070 3129 
3070 3016 3069 3071 3130 
3071 3017 3070 3072 3131 
3072 3018 3071 3073 3132 
3073 3019 3072 3074 3133 
3074 3020 3073 3075 3134 
3075 3021 3074 3076 3135 
3076 3022 3075 3077 3079 3136 
3077 3028 3076 3078 3079 
3078 3029 3077 3080 3081 3082 
3079 3076 3077 3080 3137 
3080 3078 3079 3084 3086 3137 
3081 3032 3078 3082 
3082 3078 3081 3083 3084 
3083 3082 3085 
3084 3080 3082 3085 3086 
3085 3083 3084 3087 
3086 3080 3084 3087 3138 
3087 3085 3086 3088 3138 
3088 3087 3139 
3089 3033 3090 3148 
3090 3034 3089 3091 3149 
3091 3035 3090 3092 3150 
3092 3036 3091 3093 3151 
3093 3037 3092 3094 3152 
3094 3038 3093 3095 3097 3153 3154 
3095 3039 3094 3096 3097 
3096 3039 3095 3098 3099 
3097 3094 3095 3098 3157 
3098 3096 3097 3101 3103 3158 3159 
3099 3040 3096 3100 3101 3102 
3100 3040 3099 3105 3106 3109 3111 
3101 3098 3099 3102 3103 
3102 3099 3101 3104 3105 
3103 3098 3101 3104 3163 
3104 3102 3103 3107 3164 
3105 3100 3102 3106 3107 
3106 3100 3105 3108 3117 
3107 3104 3105 3108 3166 
3108 3106 3107 3118 3166 
3109 3043 3100 3110 3111 
3110 3043 3109 3112 3113 
3111 3100 3109 3112 3117 
3112 3110 3111 3115 
3113 3046 3110 3114 3115 
3114 3047 3113 3116 3120 
3115 3112 3113 3116 3119 
3116 3114 3115 3119 3120 
3117 3106 3111 3118 
3118 3108 3117 
3119 3115 3116 3122 
3120 3058 3059 3114 3116 3121 3122 
3121 3060 3120 3123 3124 
3122 3119 3120 3123 3171 
3123 3121 3122 3124 3171 
3124 3063 3064 3121 3123 3125 3172 
3125 3065 3124 3126 3173 
3126 3066 3125 3127 3174 
3127 3067 3126 3128 3175 
3128 3068 3127 3129 3176 
3129 3069 3128 3130 3177 
3130 3070 3129 3131 3178 
3131 3071 3130 3132 3179 
3132 3072 3131 3133 3180 
3133 3073 3132 3134 
3134 3074 3133 3135 
3135 3075 3134 3136 
3136 3076 3135 3137 
3137 3079 3080 3136 3138 3142 
3138 3086 3087 3137 3139 3140 3142 
3139 3088 3138 3140 
3140 3138 3139 3141 3143 
3141 3140 3144 
3142 3137 3138 3143 3145 
3143 3140 3142 3144 3145 
3144 3141 3143 3146 
3145 3142 3143 3146 
3146 3144 3145 
3147 3148 3181 
3148 3089 3147 3149 3182 
3149 3090 3148 3150 3183 
3150 3091 3149 3151 3184 
3151 3092 3150 3152 3185 3186 
3152 3093 3151 3153 3155 3189 3190 
3153 3094 3152 3154 3155 
3154 3094 3153 3156 3157 
3155 3152 3153 3156 3197 3198 
3156 3154 3155 3161 
3157 3097 3154 3158 3160 3161 3162 
3158 3098 3157 3159 3160 
3159 3098 3158 3163 
3160 3157 3158 
3161 3156 3157 3162 
3162 3157 3161 
3163 3103 3159 3164 
3164 3104 3163 3165 3166 
3165 3164 3166 3167 
3166 3107 3108 3164 3165 3170 
3167 3165 3169 3170 
3168 3169 
3169 3167 3168 3170 
3170 3166 3167 3169 
3171 3122 3123 3172 
3172 3124 3171 3173 
3173 3125 3172 3174 3199 
3174 3126 3173 3175 3200 
3175 3127 3174 3176 3201 
3176 3128 3175 3177 3202 
3177 3129 3176 3178 3203 
3178 3130 3177 3179 3204 
3179 3131 3178 3180 
3180 3132 3179 
3181 3147 3182 3207 
3182 3148 3181 3183 3208 3209 
3183 3149 3182 3184 3212 3213 
3184 3150 3183 3185 3187 3222 3223 
3185 3151 3184 3186 3187 
3186 3151 3185 3188 3189 
3187 3184 3185 3188 3232 
3188 3186 3187 3191 3193 3233 3234 
3189 3152 3186 3190 3191 3192 
3190 3152 3189 3195 3197 
3191 3188 3189 3192 3193 
3192 3189 3191 3194 3195 
3193 3188 3191 3194 3245 
3194 3192 3193 3196 3246 
3195 3190 3192 3196 
3196 3194 3195 3249 
3197 3155 3190 3198 
3198 3155 3197 
3199 3173 3200 
3200 3174 3199 3201 
3201 3175 3200 3202 
3202 3176 3201 3203 
3203 3177 3202 3204 
3204 3178 3203 
3205 3206 3252 
3206 3205 3207 3253 3254 
3207 3181 3206 3208 3210 3256 3257 
3208 3182 3207 3209 3210 
3209 3182 3208 3211 3212 
3210 3207 3208 3211 3266 
3211 3209 3210 3214 3216 3267 
3212 3183 3209 3213 3214 3215 
3213 3183 3212 3218 3219 3222 
3214 3211 3212 3215 3216 
3215 3212 3214 3217 3218 
3216 3211 3214 3217 3275 
3217 3215 3216 3220 3276 
3218 3213 3215 3219 3220 
3219 3213 3218 3221 3224 
3220 3217 3218 3221 3279 
3221 3219 3220 3226 3279 
3222 3184 3213 3223 3224 3225 
3223 3184 3222 3228 3229 3232 
3224 3219 3222 3225 3226 
3225 3222 3224 3227 3228 
3226 3221 3224 3227 3285 
3227 3225 3226 3230 3285 
3228 3223 3225 3229 3230 
3229 3223 3228 3231 3237 
3230 3227 3228 3231 3286 
3231 3229 3230 3239 3286 
3232 3187 3223 3233 3235 3237 3238 
3233 3188 3232 3234 3235 
3234 3188 3233 3236 3245 
3235 3232 3233 3236 3241 
3236 3234 3235 3242 3247 
3237 3229 3232 3238 3239 
3238 3232 3237 3240 3241 
3239 3231 3237 3240 3289 
3240 3238 3239 3243 3289 
3241 3235 3238 3242 3243 
3242 3236 3241 3244 3250 
3243 3240 3241 3244 3290 
3244 3242 3243 3250 3290 
3245 3193 3234 3246 3247 
3246 3194 3245 3248 3249 
3247 3236 3245 3248 3250 
3248 3246 3247 3249 3250 
3249 3196 3246 3248 3251 
3250 3242 3244 3247 3248 3251 3293 
3251 3249 3250 3293 
3252 3205 3253 
3253 3206 3252 3254 
3254 3206 3253 3255 3256 
3255 3254 3258 3260 3294 
3256 3207 3254 3257 3258 3259 
3257 3207 3256 3262 3263 3266 
3258 3255 3256 3259 3260 
3259 3256 3258 3261 3262 
3260 3255 3258 3261 3295 
3261 3259 3260 3264 3295 
3262 3257 3259 3263 3264 
3263 3257 3262 3265 3268 
3264 3261 3262 3265 3296 
3265 3263 3264 3270 3296 
3266 3210 3257 3267 3268 3269 
3267 3211 3266 3272 3273 3275 3277 
3268 3263 3266 3269 3270 
3269 3266 3268 3271 3272 
3270 3265 3268 3271 3299 
3271 3269 3270 3299 
3272 3267 3269 3273 
3273 3267 3272 3274 3280 
3274 3273 3282 
3275 3216 3267 3276 3277 
3276 3217 3275 3278 3279 
3277 3267 3275 3278 3280 
3278 3276 3277 3279 3281 
3279 3220 3221 3276 3278 3284 3285 
3280 3273 3277 3281 3282 
3281 3278 3280 3283 3284 
3282 3274 3280 3283 3301 
3283 3281 3282 3284 3301 
3284 3279 3281 3283 3287 3302 
3285 3226 3227 3279 3286 3287 
3286 3230 3231 3285 3288 3289 
3287 3284 3285 3288 3305 
3288 3286 3287 3291 3305 
3289 3239 3240 3286 3290 3291 
3290 3243 3244 3289 3292 3293 
3291 3288 3289 3292 3306 
3292 3290 3291 3293 3306 
3293 3250 3251 3290 3292 3307 
3294 3255 3295 3297 
3295 3260 3261 3294 3296 3297 
3296 3264 3265 3295 3298 3299 
3297 3294 3295 3298 3308 
3298 3296 3297 3300 3308 
3299 3270 3271 3296 3300 
3300 3298 3299 3309 
3301 3282 3283 3302 3303 
3302 3284 3301 3304 3305 
3303 3301 3304 3310 
3304 3302 3303 3305 3310 
3305 3287 3288 3302 3304 3306 3311 
3306 3291 3292 3305 3307 3312 
3307 3293 3306 
3308 3297 3298 3309 
3309 3300 3308 3310 
3310 3303 3304 3309 3311 
3311 3305 3310 3312 
3312 3306 3311 