 pp_0000               7.0217500000E+05      6.2028250000E+06      1           1.0000000000E+00     
 pp_0001               7.0547500000E+05      6.2028250000E+06      1           1.0000000000E+00     
 pp_0002               7.0547500000E+05      6.1998250000E+06      1           1.0000000000E+00     
 pp_0003               7.0217500000E+05      6.1968250000E+06      1           1.0000000000E+00     
 pp_0004               7.0547500000E+05      6.1968250000E+06      1           1.0000000000E+00     
 pp_0005               6.9617500000E+05      6.1938250000E+06      1           1.0000000000E+00     
 pp_0006               6.9917500000E+05      6.1938250000E+06      1           1.0000000000E+00     
 pp_0007               7.0217500000E+05      6.1938250000E+06      1           1.0000000000E+00     
 pp_0008               7.0547500000E+05      6.1938250000E+06      1           1.0000000000E+00     
 pp_0009               6.9317500000E+05      6.1908250000E+06      1           1.0000000000E+00     
 pp_0010               6.9617500000E+05      6.1908250000E+06      1           1.0000000000E+00     
 pp_0011               6.9917500000E+05      6.1908250000E+06      1           1.0000000000E+00     
 pp_0012               7.0217500000E+05      6.1908250000E+06      1           1.0000000000E+00     
 pp_0013               7.0547500000E+05      6.1908250000E+06      1           1.0000000000E+00     
 pp_0014               6.8717500000E+05      6.1878250000E+06      1           1.0000000000E+00     
 pp_0015               6.9017500000E+05      6.1878250000E+06      1           1.0000000000E+00     
 pp_0016               6.9317500000E+05      6.1878250000E+06      1           1.0000000000E+00     
 pp_0017               6.9617500000E+05      6.1878250000E+06      1           1.0000000000E+00     
 pp_0018               6.9917500000E+05      6.1878250000E+06      1           1.0000000000E+00     
 pp_0019               7.0217500000E+05      6.1878250000E+06      1           1.0000000000E+00     
 pp_0020               7.0547500000E+05      6.1878250000E+06      1           1.0000000000E+00     
 pp_0021               6.8717500000E+05      6.1848250000E+06      1           1.0000000000E+00     
 pp_0022               6.9017500000E+05      6.1848250000E+06      1           1.0000000000E+00     
 pp_0023               6.9317500000E+05      6.1848250000E+06      1           1.0000000000E+00     
 pp_0024               6.9617500000E+05      6.1848250000E+06      1           1.0000000000E+00     
 pp_0025               6.9917500000E+05      6.1848250000E+06      1           1.0000000000E+00     
 pp_0026               7.0217500000E+05      6.1848250000E+06      1           1.0000000000E+00     
 pp_0027               7.0547500000E+05      6.1848250000E+06      1           1.0000000000E+00     
 pp_0028               6.8417500000E+05      6.1818250000E+06      1           1.0000000000E+00     
 pp_0029               6.8717500000E+05      6.1818250000E+06      1           1.0000000000E+00     
 pp_0030               6.9017500000E+05      6.1818250000E+06      1           1.0000000000E+00     
 pp_0031               6.9317500000E+05      6.1818250000E+06      1           1.0000000000E+00     
 pp_0032               6.9617500000E+05      6.1818250000E+06      1           1.0000000000E+00     
 pp_0033               6.9917500000E+05      6.1818250000E+06      1           1.0000000000E+00     
 pp_0034               7.0217500000E+05      6.1818250000E+06      1           1.0000000000E+00     
 pp_0035               7.0547500000E+05      6.1818250000E+06      1           1.0000000000E+00     
 pp_0036               6.7517500000E+05      6.1788250000E+06      1           1.0000000000E+00     
 pp_0037               6.7817500000E+05      6.1788250000E+06      1           1.0000000000E+00     
 pp_0038               6.8117500000E+05      6.1788250000E+06      1           1.0000000000E+00     
 pp_0039               6.8417500000E+05      6.1788250000E+06      1           1.0000000000E+00     
 pp_0040               6.8717500000E+05      6.1788250000E+06      1           1.0000000000E+00     
 pp_0041               6.9017500000E+05      6.1788250000E+06      1           1.0000000000E+00     
 pp_0042               6.9317500000E+05      6.1788250000E+06      1           1.0000000000E+00     
 pp_0043               6.9617500000E+05      6.1788250000E+06      1           1.0000000000E+00     
 pp_0044               6.9917500000E+05      6.1788250000E+06      1           1.0000000000E+00     
 pp_0045               7.0217500000E+05      6.1788250000E+06      1           1.0000000000E+00     
 pp_0046               7.0547500000E+05      6.1788250000E+06      1           1.0000000000E+00     
 pp_0047               6.6917500000E+05      6.1758250000E+06      1           1.0000000000E+00     
 pp_0048               6.7217500000E+05      6.1758250000E+06      1           1.0000000000E+00     
 pp_0049               6.7517500000E+05      6.1758250000E+06      1           1.0000000000E+00     
 pp_0050               6.7817500000E+05      6.1758250000E+06      1           1.0000000000E+00     
 pp_0051               6.8117500000E+05      6.1758250000E+06      1           1.0000000000E+00     
 pp_0052               6.8417500000E+05      6.1758250000E+06      1           1.0000000000E+00     
 pp_0053               6.8717500000E+05      6.1758250000E+06      1           1.0000000000E+00     
 pp_0054               6.9017500000E+05      6.1758250000E+06      1           1.0000000000E+00     
 pp_0055               6.9317500000E+05      6.1758250000E+06      1           1.0000000000E+00     
 pp_0056               6.9617500000E+05      6.1758250000E+06      1           1.0000000000E+00     
 pp_0057               6.9917500000E+05      6.1758250000E+06      1           1.0000000000E+00     
 pp_0058               7.0217500000E+05      6.1758250000E+06      1           1.0000000000E+00     
 pp_0059               7.0547500000E+05      6.1758250000E+06      1           1.0000000000E+00     
 pp_0060               6.6617500000E+05      6.1728250000E+06      1           1.0000000000E+00     
 pp_0061               6.6917500000E+05      6.1728250000E+06      1           1.0000000000E+00     
 pp_0062               6.7517500000E+05      6.1728250000E+06      1           1.0000000000E+00     
 pp_0063               6.7817500000E+05      6.1728250000E+06      1           1.0000000000E+00     
 pp_0064               6.8117500000E+05      6.1728250000E+06      1           1.0000000000E+00     
 pp_0065               6.8417500000E+05      6.1728250000E+06      1           1.0000000000E+00     
 pp_0066               6.8717500000E+05      6.1728250000E+06      1           1.0000000000E+00     
 pp_0067               6.9017500000E+05      6.1728250000E+06      1           1.0000000000E+00     
 pp_0068               6.9317500000E+05      6.1728250000E+06      1           1.0000000000E+00     
 pp_0069               6.9617500000E+05      6.1728250000E+06      1           1.0000000000E+00     
 pp_0070               6.9917500000E+05      6.1728250000E+06      1           1.0000000000E+00     
 pp_0071               7.0217500000E+05      6.1728250000E+06      1           1.0000000000E+00     
 pp_0072               7.0547500000E+05      6.1728250000E+06      1           1.0000000000E+00     
 pp_0073               6.7817500000E+05      6.1698250000E+06      1           1.0000000000E+00     
 pp_0074               6.8117500000E+05      6.1698250000E+06      1           1.0000000000E+00     
 pp_0075               6.8417500000E+05      6.1698250000E+06      1           1.0000000000E+00     
 pp_0076               6.8717500000E+05      6.1698250000E+06      1           1.0000000000E+00     
 pp_0077               6.9017500000E+05      6.1698250000E+06      1           1.0000000000E+00     
 pp_0078               6.9317500000E+05      6.1698250000E+06      1           1.0000000000E+00     
 pp_0079               6.9617500000E+05      6.1698250000E+06      1           1.0000000000E+00     
 pp_0080               6.9917500000E+05      6.1698250000E+06      1           1.0000000000E+00     
 pp_0081               7.0217500000E+05      6.1698250000E+06      1           1.0000000000E+00     
 pp_0082               7.0547500000E+05      6.1698250000E+06      1           1.0000000000E+00     
 pp_0083               6.8117500000E+05      6.1668250000E+06      1           1.0000000000E+00     
 pp_0084               6.8417500000E+05      6.1668250000E+06      1           1.0000000000E+00     
 pp_0085               6.8717500000E+05      6.1668250000E+06      1           1.0000000000E+00     
 pp_0086               6.9017500000E+05      6.1668250000E+06      1           1.0000000000E+00     
 pp_0087               6.9317500000E+05      6.1668250000E+06      1           1.0000000000E+00     
 pp_0088               6.9617500000E+05      6.1668250000E+06      1           1.0000000000E+00     
 pp_0089               6.9917500000E+05      6.1668250000E+06      1           1.0000000000E+00     
 pp_0090               7.0217500000E+05      6.1668250000E+06      1           1.0000000000E+00     
 pp_0091               7.0547500000E+05      6.1668250000E+06      1           1.0000000000E+00     
 pp_0092               6.8117500000E+05      6.1638250000E+06      1           1.0000000000E+00     
 pp_0093               6.8417500000E+05      6.1638250000E+06      1           1.0000000000E+00     
 pp_0094               6.8717500000E+05      6.1638250000E+06      1           1.0000000000E+00     
 pp_0095               6.9017500000E+05      6.1638250000E+06      1           1.0000000000E+00     
 pp_0096               6.9317500000E+05      6.1638250000E+06      1           1.0000000000E+00     
 pp_0097               6.9617500000E+05      6.1638250000E+06      1           1.0000000000E+00     
 pp_0098               6.9917500000E+05      6.1638250000E+06      1           1.0000000000E+00     
 pp_0099               7.0217500000E+05      6.1638250000E+06      1           1.0000000000E+00     
 pp_0100               7.0547500000E+05      6.1638250000E+06      1           1.0000000000E+00     
 pp_0101               6.8417500000E+05      6.1608250000E+06      1           1.0000000000E+00     
 pp_0102               6.8717500000E+05      6.1608250000E+06      1           1.0000000000E+00     
 pp_0103               6.9317500000E+05      6.1608250000E+06      1           1.0000000000E+00     
 pp_0104               6.9617500000E+05      6.1608250000E+06      1           1.0000000000E+00     
 pp_0105               6.9917500000E+05      6.1608250000E+06      1           1.0000000000E+00     
 pp_0106               7.0217500000E+05      6.1608250000E+06      1           1.0000000000E+00     
 pp_0107               7.0547500000E+05      6.1608250000E+06      1           1.0000000000E+00     
 pp_0108               6.8117500000E+05      6.1578250000E+06      1           1.0000000000E+00     
 pp_0109               6.9317500000E+05      6.1578250000E+06      1           1.0000000000E+00     
